0 2 810.0 781.0
12 2 811.0 773.0
24 2 816.0 777.0
36 2 827.0 787.0
48 2 839.0 785.0
60 2 852.0 787.0
72 2 837.0 822.0
84 2 854.0 807.5
96 2 851.0 859.0
108 2 871.0 822.0
120 2 884.0 828.0
132 2 884.0 828.0
144 2 886.0 830.0
156 2 888.0 832.0
168 2 890.0 834.0
180 2 890.0 838.5
192 2 875.0 824.0
204 2 877.0 824.0
216 2 879.0 824.0
228 2 881.0 824.0
0 4 273.0 523.5
12 4 259.0 517.5
24 4 245.0 513.5
36 4 231.0 513.5
48 4 217.0 513.5
60 4 213.0 513.5
72 4 207.0 509.5
84 4 187.0 509.5
96 4 167.0 513.5
108 4 147.0 517.5
120 4 133.0 517.5
132 4 119.0 517.5
144 4 107.0 513.5
156 4 93.0 509.5
168 4 81.0 505.5
180 4 67.0 505.5
192 4 54.0 505.5
204 4 42.0 505.5
216 4 29.0 505.5
228 4 35.97 505.69
0 5 384.5 552.5
12 5 390.5 552.5
24 5 400.0 552.5
36 5 406.0 550.5
48 5 412.0 550.5
60 5 418.0 550.5
72 5 424.0 550.5
84 5 428.0 550.5
96 5 432.0 554.5
108 5 436.0 558.5
120 5 432.0 562.5
132 5 416.0 562.5
144 5 400.0 562.5
156 5 398.0 562.5
168 5 400.0 562.5
180 5 400.0 562.5
192 5 402.0 562.5
204 5 402.0 562.5
216 5 404.0 562.5
228 5 406.0 558.5
0 6 51.0 564.5
12 6 51.0 564.5
24 6 51.0 564.5
36 6 51.0 564.5
48 6 51.0 564.5
60 6 51.0 564.5
72 6 51.0 564.5
84 6 51.0 564.5
96 6 51.0 564.5
108 6 51.0 564.5
120 6 51.0 564.5
132 6 51.0 564.5
144 6 51.0 564.5
156 6 51.0 564.5
168 6 51.0 564.5
180 6 51.0 564.5
192 6 51.0 564.5
204 6 51.0 564.5
216 6 51.0 564.5
228 6 51.0 564.5
0 7 98.0 881.5
12 7 127.0 877.0
24 7 159.0 868.5
36 7 191.0 864.5
48 7 229.0 856.5
60 7 263.0 852.5
72 7 287.0 852.5
84 7 330.5 844.5
96 7 362.5 848.5
108 7 394.0 844.5
120 7 424.0 819.5
132 7 454.0 803.5
144 7 462.0 779.0
156 7 480.0 775.0
168 7 496.0 746.5
180 7 512.0 717.5
192 7 532.0 681.5
204 7 550.0 648.5
216 7 552.0 615.5
228 7 564.0 583.5
0 10 446.0 574.5
12 10 448.0 579.0
24 10 451.0 593.5
36 10 453.0 603.5
48 10 453.0 612.0
60 10 452.0 618.0
72 10 452.0 624.0
84 10 452.0 620.0
96 10 452.0 608.0
108 10 452.0 599.0
120 10 452.0 595.0
132 10 452.0 604.0
144 10 452.0 608.0
156 10 452.0 612.0
168 10 452.0 620.0
180 10 452.0 624.0
192 10 452.0 632.0
204 10 450.0 636.0
216 10 450.0 636.0
228 10 450.0 636.0
0 11 645.0 1434.0
12 11 643.0 1430.0
24 11 628.0 1426.0
36 11 614.0 1419.5
48 11 598.0 1419.5
60 11 584.0 1419.5
72 11 586.0 1415.5
84 11 588.0 1415.5
96 11 590.0 1411.5
108 11 592.0 1411.5
120 11 594.0 1407.5
132 11 596.0 1403.5
144 11 598.0 1403.5
156 11 600.0 1399.5
168 11 602.0 1399.5
180 11 604.0 1399.5
192 11 595.0 1407.5
204 11 586.0 1415.5
216 11 576.0 1419.5
228 11 567.0 1428.0
0 12 688.0 1425.5
12 12 686.0 1425.5
24 12 674.0 1425.5
36 12 660.0 1428.0
48 12 650.0 1432.0
60 12 640.0 1432.0
72 12 632.0 1432.0
84 12 626.0 1432.0
96 12 622.0 1432.0
108 12 616.0 1432.0
120 12 612.0 1432.0
132 12 607.0 1432.0
144 12 602.0 1432.0
156 12 597.0 1432.0
168 12 591.0 1432.0
180 12 587.0 1432.0
192 12 581.0 1432.0
204 12 577.0 1432.0
216 12 571.0 1432.0
228 12 567.0 1432.0
0 14 719.5 1674.5
12 14 719.5 1658.5
24 14 719.5 1646.5
36 14 719.5 1629.5
48 14 719.5 1617.5
60 14 719.5 1601.5
72 14 719.5 1589.5
84 14 721.5 1572.5
96 14 725.5 1560.5
108 14 729.5 1544.5
120 14 731.5 1532.0
132 14 727.5 1523.5
144 14 729.5 1507.5
156 14 731.5 1487.5
168 14 737.0 1470.5
180 14 743.0 1456.5
192 14 751.0 1454.5
204 14 762.0 1446.5
216 14 776.0 1438.5
228 14 790.0 1425.5
0 15 739.0 1293.5
12 15 793.0 1281.5
24 15 829.0 1268.5
36 15 877.0 1248.5
48 15 923.0 1232.5
60 15 967.0 1211.5
72 15 1011.0 1195.5
84 15 1053.0 1191.5
96 15 1096.5 1187.5
108 15 1142.0 1183.5
120 15 1190.0 1178.5
132 15 1238.0 1178.5
144 15 1288.0 1166.5
156 15 1340.0 1154.5
168 15 1390.0 1154.5
180 15 1385.32 1158.81
192 15 1354.29 1165.28
204 15 1323.27 1171.74
216 15 1292.25 1178.21
228 15 1261.22 1184.67
0 16 118.0 1264.5
12 16 130.0 1260.5
24 16 142.0 1256.5
36 16 156.0 1252.5
48 16 168.0 1252.5
60 16 184.0 1248.5
72 16 198.0 1248.5
84 16 214.0 1248.5
96 16 228.0 1244.5
108 16 242.0 1244.5
120 16 258.0 1244.5
132 16 272.0 1240.5
144 16 288.0 1240.5
156 16 302.0 1240.5
168 16 316.0 1240.5
180 16 330.0 1240.5
192 16 343.5 1240.5
204 16 357.5 1240.5
216 16 371.5 1240.5
228 16 385.5 1240.5
0 26 820.0 1362.5
12 26 809.0 1364.5
24 26 799.0 1368.5
36 26 789.0 1374.5
48 26 779.0 1376.5
60 26 770.0 1381.0
72 26 760.0 1381.0
84 26 750.0 1381.0
96 26 738.0 1385.5
108 26 728.5 1389.5
120 26 718.5 1393.5
132 26 707.0 1389.5
144 26 695.0 1389.5
156 26 685.0 1385.5
168 26 673.0 1385.5
180 26 663.0 1385.5
192 26 653.0 1385.5
204 26 643.0 1389.5
216 26 633.0 1389.5
228 26 621.0 1389.5
0 27 780.0 1423.5
12 27 772.0 1423.5
24 27 764.0 1428.0
36 27 758.0 1432.0
48 27 750.0 1436.5
60 27 742.0 1444.5
72 27 732.0 1448.5
84 27 724.5 1448.5
96 27 714.5 1444.5
108 27 705.0 1440.5
120 27 695.0 1440.5
132 27 684.0 1440.5
144 27 674.0 1440.5
156 27 665.0 1442.5
168 27 654.0 1442.5
180 27 646.0 1440.5
192 27 636.0 1440.5
204 27 626.0 1436.5
216 27 618.0 1436.5
228 27 608.0 1436.5
0 28 750.0 1393.5
12 28 742.0 1393.5
24 28 734.0 1397.5
36 28 728.5 1401.5
48 28 720.5 1405.5
60 28 707.0 1401.5
72 28 691.0 1389.5
84 28 677.0 1385.5
96 28 671.0 1389.5
108 28 663.0 1393.5
120 28 657.0 1401.5
132 28 645.0 1397.5
144 28 635.0 1393.5
156 28 625.0 1389.5
168 28 615.0 1385.5
180 28 607.0 1389.5
192 28 597.0 1393.5
204 28 589.0 1401.5
216 28 581.0 1409.5
228 28 571.0 1413.5
144 30 890.0 1309.5
156 30 874.0 1313.5
168 30 860.0 1317.5
180 30 848.0 1321.5
192 30 834.0 1330.0
204 30 820.0 1338.5
216 30 806.0 1350.5
228 30 790.0 1358.5
240 30 774.0 1370.5
252 30 758.0 1370.5
264 30 740.0 1370.5
276 30 722.5 1370.5
288 30 706.5 1378.5
300 30 693.0 1383.5
312 30 677.0 1387.5
324 30 661.0 1391.5
336 30 647.0 1395.5
348 30 633.0 1399.5
360 30 615.0 1399.5
372 30 599.0 1399.5
156 17 503.0 1383.5
168 17 511.0 1378.5
180 17 517.0 1374.5
192 17 517.0 1362.5
204 17 515.0 1350.5
216 17 515.0 1342.5
228 17 515.0 1346.5
240 17 515.0 1350.5
252 17 517.0 1350.5
264 17 517.0 1354.5
276 17 513.0 1358.5
288 17 507.0 1362.5
300 17 501.0 1366.5
312 17 497.0 1366.5
324 17 491.0 1362.5
336 17 487.0 1362.5
348 17 493.0 1374.5
360 17 499.0 1383.5
372 17 499.0 1383.5
384 17 499.0 1383.5