0 0 1022.0 307.0
12 0 1030.0 299.0
24 0 1038.0 294.0
36 0 1048.0 290.0
48 0 1056.0 286.0
60 0 1066.5 282.0
72 0 1074.5 278.0
84 0 1084.5 274.0
96 0 1092.5 270.0
108 0 1102.5 261.0
120 0 1108.5 257.0
132 0 1115.0 253.0
144 0 1119.0 245.0
156 0 1125.0 240.0
168 0 1131.0 232.0
180 0 1137.0 228.0
192 0 1143.0 224.0
204 0 1149.0 216.0
216 0 1155.0 211.0
228 0 1161.0 203.0
0 8 493.5 537.5
12 8 493.5 577.0
24 8 493.5 618.5
36 8 493.5 660.0
48 8 493.5 701.5
60 8 489.5 739.0
72 8 485.5 780.5
84 8 473.5 812.0
96 8 463.5 845.0
108 8 455.0 870.0
120 8 471.5 807.0
132 8 487.5 747.0
144 8 461.5 757.5
156 8 329.0 953.0
168 8 284.0 957.0
180 8 239.5 961.5
192 8 194.0 967.5
204 8 149.0 971.5
216 8 104.5 975.5
228 8 112.72 967.13
0 46 795.0 1354.0
12 46 787.0 1349.5
24 46 781.0 1345.5
36 46 774.0 1341.5
48 46 767.0 1341.5
60 46 760.0 1337.0
72 46 756.0 1333.0
84 46 754.0 1329.0
96 46 750.0 1324.5
108 46 748.0 1324.5
120 46 746.0 1320.5
132 46 744.0 1316.5
144 46 741.5 1312.0
156 46 737.5 1308.0
168 46 737.5 1304.0
180 46 739.5 1291.5
192 46 744.0 1283.0
204 46 746.0 1270.5
216 46 750.0 1262.5
228 46 752.0 1250.0
0 26 716.5 1868.5
12 26 716.5 1868.5
24 26 716.5 1868.5
36 26 716.5 1868.5
48 26 716.5 1868.5
60 26 716.5 1868.5
72 26 716.5 1868.5
84 26 716.5 1868.5
96 26 716.5 1868.5
108 26 716.5 1868.5
120 26 716.5 1868.5
132 26 716.5 1868.5
144 26 716.5 1868.5
156 26 716.5 1868.5
168 26 716.5 1868.5
180 26 716.5 1868.5
192 26 716.5 1868.5
204 26 716.5 1868.5
216 26 716.5 1868.5
228 26 716.5 1868.5
72 35 348.5 352.5
84 35 318.0 361.0
96 35 288.0 369.0
108 35 257.5 377.5
120 35 227.5 386.0
132 35 197.0 394.0
144 35 167.0 402.5
156 35 57.0 394.0
168 35 17.0 390.0
180 35 17.0 390.0
192 35 17.0 390.0
204 35 31.47 388.4
216 35 47.27 386.66
228 35 63.06 384.91
240 35 78.85 383.17
252 35 94.64 381.42
264 35 110.43 379.68
276 35 126.22 377.94
288 35 142.01 376.19
300 35 157.8 374.45
216 52 1183.0 1121.5
228 52 1195.5 1125.5
240 52 1207.5 1125.5
252 52 1223.5 1117.0
264 52 1242.0 1108.5
276 52 1258.0 1108.5
288 52 1274.0 1108.5
300 52 1284.0 1108.5
312 52 1284.0 1108.5
324 52 1284.0 1108.5
336 52 1284.0 1108.5
348 52 1284.0 1108.5
360 52 1284.0 1108.5
372 52 1284.0 1108.5
384 52 1284.0 1108.5
396 52 1284.0 1108.5
408 52 1284.0 1108.5
420 52 1284.0 1108.5
432 52 1284.0 1108.5
444 52 1284.0 1108.5