0 47 939.5 1546.0
12 47 938.0 1558.0
24 47 938.0 1575.0
36 47 938.0 1591.0
48 47 938.0 1608.0
60 47 938.0 1620.0
72 47 938.0 1637.0
84 47 938.0 1645.0
96 47 939.5 1653.0
108 47 939.5 1661.5
120 47 941.5 1678.0
132 47 943.5 1690.0
144 47 945.5 1707.0
156 47 945.5 1723.5
168 47 945.5 1744.0
180 47 943.5 1760.5
192 47 943.5 1777.0
204 47 943.5 1794.0
216 47 941.5 1810.0
228 47 941.5 1822.5
0 49 962.5 1589.0
12 49 962.5 1577.0
24 49 962.5 1568.5
36 49 962.5 1560.0
48 49 962.5 1552.0
60 49 962.5 1540.0
72 49 962.5 1531.5
84 49 962.5 1515.0
96 49 960.5 1502.5
108 49 960.5 1486.0
120 49 960.5 1473.5
132 49 962.5 1461.0
144 49 962.5 1461.0
156 49 962.5 1461.0
168 49 962.5 1461.0
180 49 962.5 1461.0
192 49 962.5 1461.0
204 49 962.5 1461.0
216 49 962.5 1461.0
228 49 962.5 1461.0
0 52 1129.0 705.5
12 52 1141.0 697.0
24 52 1155.0 693.0
36 52 1169.0 689.0
48 52 1182.5 685.0
60 52 1196.5 681.0
72 52 1210.5 672.5
84 52 1224.0 668.5
96 52 1236.0 664.0
108 52 1250.0 656.0
120 52 1262.0 643.5
132 52 1270.0 643.5
144 52 1280.0 643.5
156 52 1288.0 643.5
168 52 1306.0 639.5
180 52 1304.0 635.5
192 52 1304.0 635.5
204 52 1304.0 635.5
216 52 1304.0 631.0
228 52 1304.0 631.0
0 54 648.0 615.0
12 54 644.0 625.0
24 54 640.0 635.0
36 54 636.0 648.0
48 54 632.0 658.0
60 54 629.0 670.5
72 54 625.0 681.0
84 54 621.0 693.0
96 54 615.0 705.5
108 54 611.0 722.0
120 54 607.0 738.5
132 54 601.0 751.0
144 54 597.0 767.5
156 54 591.0 780.0
168 54 585.0 792.0
180 54 579.0 800.5
192 54 573.0 813.0
204 54 567.0 825.0
216 54 561.0 838.0
228 54 557.0 850.0
0 56 528.0 788.0
12 56 526.0 800.5
24 56 526.0 813.0
36 56 526.0 825.0
48 56 526.0 838.0
60 56 524.0 850.0
72 56 524.0 862.5
84 56 524.0 875.0
96 56 524.0 887.0
108 56 524.0 899.5
120 56 520.0 912.0
132 56 516.0 920.0
144 56 512.0 933.0
156 56 506.0 945.0
168 56 502.0 957.5
180 56 498.5 966.0
192 56 496.5 982.0
204 56 496.5 1011.0
216 56 496.5 1023.5
228 56 496.5 1036.0
0 58 954.5 206.0
12 58 962.5 201.5
24 58 970.5 201.5
36 58 978.5 201.5
48 58 986.0 201.5
60 58 998.0 201.5
72 58 1010.0 201.5
84 58 1024.0 206.0
96 58 1036.0 206.0
108 58 1050.0 210.5
120 58 1063.0 210.5
132 58 1075.0 210.5
144 58 1089.0 210.5
156 58 1103.0 210.5
168 58 1117.0 210.5
180 58 1131.0 210.5
192 58 1143.0 206.0
204 58 1155.0 201.5
216 58 1163.0 201.5
228 58 1171.0 201.5
0 91 838.0 701.5
12 91 852.0 701.5
24 91 866.0 701.5
36 91 880.0 701.5
48 91 896.0 701.5
60 91 912.0 701.5
72 91 926.0 705.5
84 91 938.0 705.5
96 91 949.5 705.5
108 91 961.5 705.5
120 91 973.0 710.0
132 91 981.0 714.0
144 91 990.0 720.0
156 91 998.0 726.0
168 91 1008.0 730.5
180 91 1018.0 734.5
192 91 1028.0 738.5
204 91 1040.0 742.5
216 91 1050.0 747.0
228 91 1062.0 747.0
96 51 974.5 1948.0
108 51 962.5 1915.5
120 51 962.5 1899.0
132 51 960.5 1886.5
144 51 958.5 1870.0
156 51 958.5 1853.5
168 51 958.5 1841.0
180 51 962.5 1829.0
192 51 964.5 1816.0
204 51 966.5 1808.0
216 51 970.5 1796.0
228 51 972.5 1783.0
240 51 972.5 1762.5
252 51 972.5 1738.0
264 51 972.5 1713.0
276 51 970.5 1692.5
288 51 968.5 1676.0
300 51 966.5 1659.5
312 51 966.5 1647.0
324 51 966.5 1634.5
240 48 941.5 1839.0
252 48 939.5 1851.5
264 48 939.5 1864.0
276 48 939.5 1876.0
288 48 941.5 1888.5
300 48 945.5 1905.0
312 48 943.5 1913.0
324 48 941.5 1922.0
336 48 941.38 1912.12
348 48 941.17 1895.19
360 48 940.96 1878.26
372 48 940.75 1861.33
384 48 940.55 1844.4
396 48 940.34 1827.47
408 48 940.13 1810.54
420 48 939.92 1793.61
432 48 939.72 1776.68
444 48 939.51 1759.75
456 48 939.3 1742.82
468 48 939.09 1725.89
240 50 962.5 1461.0
252 50 962.5 1461.0
264 50 962.5 1461.0
276 50 962.5 1461.0
288 50 962.5 1461.0
300 50 962.5 1461.0
312 50 962.5 1461.0
324 50 962.5 1461.0
336 50 962.5 1461.0
348 50 962.5 1461.0
360 50 962.5 1461.0
372 50 962.5 1457.0
384 50 962.5 1453.0
396 50 962.5 1453.0
408 50 962.5 1449.0
420 50 962.5 1449.0
432 50 963.5 1445.0
444 50 963.5 1440.5
456 50 963.5 1440.5
468 50 963.5 1436.5
240 53 1304.0 631.0
252 53 1304.0 631.0
264 53 1304.0 631.0
276 53 1304.0 631.0
288 53 1304.0 631.0
300 53 1302.0 631.0
312 53 1300.0 631.0
324 53 1298.0 627.0
336 53 1296.0 625.0
348 53 1296.0 623.0
360 53 1296.0 623.0
372 53 1298.0 623.0
384 53 1298.0 623.0
396 53 1294.0 627.0
408 53 1290.0 635.5
420 53 1296.0 639.5
432 53 1302.0 643.5
444 53 1302.0 639.5
456 53 1302.0 639.5
468 53 1306.0 648.0
240 55 551.0 866.5
252 55 545.0 883.0
264 55 539.0 895.5
276 55 533.0 912.0
288 55 527.0 928.5
300 55 527.0 941.0
312 55 527.0 953.5
324 55 527.0 970.0
336 55 527.0 982.0
348 55 527.0 994.5
360 55 529.0 1007.0
372 55 531.0 1023.5
384 55 531.0 1036.0
396 55 533.0 1048.0
408 55 535.0 1065.0
420 55 535.0 1081.5
432 55 537.0 1094.0
444 55 539.0 1114.5
456 55 539.0 1131.0
468 55 539.0 1139.0
240 57 496.5 1048.0
252 57 498.5 1061.0
264 57 498.5 1073.0
276 57 498.5 1085.5
288 57 498.5 1098.0
300 57 500.5 1114.5
312 57 504.0 1127.0
324 57 508.0 1143.0
336 57 512.0 1156.0
348 57 516.0 1172.0
360 57 522.0 1189.0
372 57 524.0 1201.0
384 57 524.0 1217.5
396 57 524.0 1230.0
408 57 524.0 1246.5
420 57 524.0 1259.0
432 57 526.0 1267.0
444 57 528.0 1279.5
456 57 530.0 1288.0
468 57 532.0 1300.0
240 59 1194.5 201.5
252 59 1196.5 210.5
264 59 1196.5 210.5
276 59 1198.5 210.5
288 59 1200.5 210.5
300 59 1202.5 210.5
312 59 1202.5 210.5
324 59 1204.5 210.5
336 59 1206.5 210.5
348 59 1208.5 210.5
360 59 1208.5 210.5
372 59 1210.5 210.5
384 59 1212.5 206.0
396 59 1216.5 206.0
408 59 1201.5 201.5
420 59 1180.5 201.5
432 59 1160.0 201.5
444 59 1139.0 201.5
456 59 1118.0 201.5
468 59 1097.0 201.5
240 92 1074.0 751.0
252 92 1084.0 751.0
264 92 1096.0 751.0
276 92 1108.0 755.0
288 92 1120.0 755.0
300 92 1132.0 755.0
312 92 1144.0 755.0
324 92 1156.0 759.5
336 92 1168.0 763.5
348 92 1178.0 767.5
360 92 1189.5 771.5
372 92 1199.5 775.5
384 92 1211.0 780.0
396 92 1221.0 784.0
408 92 1233.0 788.0
420 92 1243.0 792.5
432 92 1255.0 796.5
444 92 1267.0 796.5
456 92 1279.0 800.5
468 92 1293.0 804.5
264 27 909.0 28.5
276 27 909.0 37.0
288 27 909.0 47.0
300 27 911.0 55.0
312 27 911.0 65.5
324 27 913.0 74.0
336 27 913.0 84.0
348 27 913.0 92.0
360 27 915.0 101.0
372 27 915.0 109.0
384 27 915.0 117.0
396 27 915.0 125.0
408 27 915.0 134.0
420 27 915.0 142.0
432 27 915.0 146.0
444 27 915.0 146.0
456 27 915.0 146.0
468 27 915.0 146.0
480 27 915.0 183.0
492 27 917.0 229.0
504 10 728.5 1304.5
516 10 732.5 1304.5
528 10 734.5 1304.5
540 10 738.5 1304.5
552 10 740.5 1304.5
564 10 744.5 1304.5
576 10 746.0 1304.5
588 10 750.0 1304.5
600 10 752.0 1304.5
612 10 756.0 1304.5
624 10 758.0 1304.5
636 10 762.0 1304.5
648 10 764.0 1304.5
660 10 768.0 1304.5
672 10 770.0 1304.5
684 10 774.0 1304.5
696 10 774.0 1304.5
708 10 772.0 1308.5
720 10 770.0 1312.5
732 10 768.0 1316.5
504 28 917.0 239.0
516 28 917.0 251.0
528 28 917.0 266.0
540 28 918.0 276.0
552 28 919.0 288.5
564 28 919.0 303.0
576 28 920.0 313.5
588 28 920.0 327.5
600 28 921.0 340.5
612 28 922.0 352.5
624 28 922.0 364.5
636 28 922.0 377.5
648 28 924.0 387.5
660 28 924.0 400.0
672 28 924.0 408.5
684 28 924.0 418.5
696 28 924.0 428.5
708 28 924.0 439.5
720 28 924.0 449.5
732 28 924.0 460.0
504 37 1405.0 728.0
516 37 1405.0 728.0
528 37 1405.0 728.0
540 37 1405.0 728.0
552 37 1405.0 728.0
564 37 1405.0 728.0
576 37 1405.0 728.0
588 37 1405.0 728.0
600 37 1405.0 728.0
612 37 1405.0 728.0
624 37 1405.0 728.0
636 37 1405.0 728.0
648 37 1405.0 728.0
660 37 1405.0 728.0
672 37 1405.0 728.0
684 37 1405.0 728.0
696 37 1405.0 728.0
708 37 1405.0 728.0
720 37 1405.0 728.0
732 37 1405.0 728.0
504 95 735.5 1463.5
516 95 735.5 1463.5
528 95 735.5 1467.5
540 95 735.5 1471.5
552 95 735.5 1471.5
564 95 735.5 1475.5
576 95 735.5 1479.5
588 95 735.5 1479.5
600 95 734.5 1479.5
612 95 732.5 1477.5
624 95 734.5 1486.0
636 95 738.5 1494.5
648 95 742.0 1502.5
660 95 744.0 1515.0
672 95 748.0 1523.0
684 95 754.0 1535.5
696 95 760.0 1545.5
708 95 766.0 1558.5
720 95 773.0 1572.5
732 95 775.0 1589.5
504 97 1389.0 742.5
516 97 1389.0 742.5
528 97 1389.0 742.5
540 97 1389.0 742.5
552 97 1389.0 745.0
564 97 1389.0 747.0
576 97 1389.0 747.0
588 97 1389.0 747.0
600 97 1389.0 747.0
612 97 1389.0 749.0
624 97 1389.0 751.0
636 97 1389.0 751.0
648 97 1389.0 751.0
660 97 1389.0 753.0
672 97 1389.0 753.0
684 97 1389.0 753.0
696 97 1389.0 755.0
708 97 1389.0 757.0
720 97 1389.0 757.0
732 97 1389.0 757.0
504 99 1416.0 728.0
516 99 1416.0 728.0
528 99 1416.0 728.0
540 99 1416.0 728.0
552 99 1416.0 728.0
564 99 1416.0 728.0
576 99 1416.0 728.0
588 99 1416.0 728.0
600 99 1416.0 728.0
612 99 1416.0 728.0
624 99 1416.0 728.0
636 99 1416.0 728.0
648 99 1416.0 728.0
660 99 1416.0 728.0
672 99 1416.0 728.0
684 99 1416.0 728.0
696 99 1416.0 728.0
708 99 1416.0 728.0
720 99 1416.0 728.0
732 99 1416.0 728.0
564 89 621.0 1374.5
576 89 625.0 1397.0
588 89 627.0 1422.0
600 89 635.0 1430.5
612 89 643.0 1438.5
624 89 649.0 1451.0
636 89 655.0 1463.5
648 89 661.0 1475.5
660 89 663.0 1484.0
672 89 663.0 1492.0
684 89 663.0 1500.5
696 89 663.0 1517.0
708 89 663.0 1550.0
720 89 663.0 1562.5
732 89 663.0 1570.5
744 89 663.0 1579.0
756 89 661.0 1591.5
768 89 661.0 1599.5
780 89 661.0 1608.0
792 89 661.0 1616.0
636 90 624.0 1364.5
648 90 626.0 1372.5
660 90 630.0 1386.5
672 90 632.0 1409.5
684 90 634.0 1430.5
696 90 644.0 1438.5
708 90 658.0 1438.5
720 90 662.0 1455.0
732 90 662.0 1484.0
744 90 665.0 1504.5
756 90 671.0 1521.0
768 90 675.0 1529.5
780 90 675.0 1529.5
792 90 675.0 1529.5
804 90 679.0 1535.5
816 90 679.0 1535.5
828 90 679.0 1535.5
840 90 679.0 1535.5
852 90 679.0 1535.5
864 90 684.0 1552.0
648 96 1162.0 1075.0
660 96 1166.0 1054.5
672 96 1172.0 1038.0
684 96 1177.5 1023.5
696 96 1183.5 1009.0
708 96 1189.5 994.5
720 96 1193.5 980.0
732 96 1199.5 965.5
744 96 1205.5 949.5
756 96 1211.5 937.0
768 96 1217.5 920.5
780 96 1224.0 905.5
792 96 1231.0 891.5
804 96 1238.0 875.0
816 96 1245.0 860.5
828 96 1252.0 844.0
840 96 1262.0 823.5
852 96 1270.0 802.5
864 96 1280.0 782.0
876 96 1290.0 761.5
744 11 766.0 1320.5
756 11 764.0 1325.0
768 11 762.0 1329.5
780 11 760.0 1333.5
792 11 758.0 1337.5
804 11 756.0 1341.5
816 11 754.0 1345.5
828 11 752.0 1349.5
840 11 750.0 1358.0
852 11 740.5 1366.5
864 11 732.5 1374.5
876 11 724.5 1384.5
888 11 714.5 1393.0
900 11 712.5 1405.5
912 11 708.5 1418.0
924 11 706.5 1434.5
936 11 704.5 1446.5
948 11 702.5 1459.5
960 11 700.5 1475.5
972 11 700.5 1488.0
744 29 924.0 472.5
756 29 926.0 480.5
768 29 928.0 493.0
780 29 930.0 505.5
792 29 932.0 517.5
804 29 933.5 530.0
816 29 935.5 538.5
828 29 935.5 550.5
840 29 939.5 563.5
852 29 941.5 571.5
864 29 943.5 583.5
876 29 945.5 596.5
888 29 949.5 604.5
900 29 951.5 616.5
912 29 953.5 629.5
924 29 957.5 637.5
936 29 959.5 649.5
948 29 961.5 662.5
960 29 965.5 674.5
972 29 967.5 682.5
744 38 1405.0 728.0
756 38 1405.0 728.0
768 38 1405.0 728.0
780 38 1405.0 728.0
792 38 1405.0 728.0
804 38 1405.0 728.0
816 38 1405.0 728.0
828 38 1405.0 728.0
840 38 1405.0 728.0
852 38 1405.0 728.0
864 38 1405.0 728.0
876 38 1405.0 728.0
888 38 1405.0 728.0
900 38 1405.0 728.0
912 38 1405.0 728.0
924 38 1405.0 728.0
936 38 1405.0 728.0
948 38 1405.0 728.0
960 38 1405.0 728.0
972 38 1405.0 728.0
744 98 1389.0 757.0
756 98 1389.0 759.5
768 98 1389.0 761.5
780 98 1389.0 761.5
792 98 1389.0 761.5
804 98 1389.0 761.5
816 98 1389.0 765.5
828 98 1391.0 773.5
840 98 1391.0 782.0
852 98 1393.0 790.0
864 98 1395.0 798.5
876 98 1397.0 807.0
888 98 1397.0 815.0
900 98 1402.0 835.5
912 98 1406.0 848.0
924 98 1410.0 856.5
936 98 1412.0 868.5
948 98 1417.0 881.0
960 98 1418.0 889.5
972 98 1418.0 897.5
744 100 1416.0 728.0
756 100 1416.0 728.0
768 100 1416.0 728.0
780 100 1416.0 728.0
792 100 1416.0 728.0
804 100 1416.0 728.0
816 100 1416.0 728.0
828 100 1416.0 728.0
840 100 1416.0 728.0
852 100 1416.0 728.0
864 100 1416.0 728.0
876 100 1416.0 728.0
888 100 1416.0 728.0
900 100 1416.0 728.0
912 100 1416.0 728.0
924 100 1416.0 728.0
936 100 1416.0 728.0
948 100 1416.0 728.0
960 100 1416.0 728.0
972 100 1416.0 728.0
828 5 1168.5 1068.5
840 5 1172.5 1048.5
852 5 1177.5 1038.0
864 5 1183.5 1027.5
876 5 1189.5 1019.5
888 5 1195.5 1009.0
900 5 1201.5 999.0
912 5 1206.5 988.5
924 5 1212.5 980.0
936 5 1220.5 963.5
948 5 1228.0 947.0
960 5 1236.0 935.0
972 5 1244.0 918.0
984 5 1250.0 906.0
996 5 1256.0 893.5
1008 5 1262.0 877.0
1020 5 1269.0 862.5
1032 5 1276.0 848.0
1044 5 1283.0 834.0
1056 5 1292.0 821.0
852 21 1409.0 848.0
864 21 1403.0 844.0
876 21 1391.0 848.0
888 21 1379.0 852.0
900 21 1367.0 852.0
912 21 1358.0 844.0
924 21 1350.0 836.0
936 21 1335.0 836.0
948 21 1324.0 844.0
960 21 1310.0 827.0
972 21 1296.0 827.0
984 21 1282.0 823.0
996 21 1270.0 831.5
1008 21 1257.0 829.0
1020 21 1245.0 827.0
1032 21 1233.0 821.0
1044 21 1221.0 817.0
1056 21 1211.0 815.0
1068 21 1195.5 815.0
1080 21 1182.0 819.0
900 19 937.5 1929.5
912 19 937.5 1921.5
924 19 939.5 1917.5
936 19 941.5 1913.5
948 19 943.5 1909.5
960 19 945.5 1896.5
972 19 947.5 1884.5
984 19 949.5 1872.0
996 19 949.5 1859.5
1008 19 950.5 1837.0
1020 19 952.5 1812.5
1032 19 953.5 1787.5
1044 19 954.5 1762.5
1056 19 956.5 1740.0
1068 19 956.5 1731.5
1080 19 956.5 1723.5
1092 19 956.5 1715.0
1104 19 956.5 1707.0
1116 19 956.5 1694.5
1128 19 956.5 1682.0
936 43 1267.0 656.0
948 43 1257.0 666.5
960 43 1247.0 674.5
972 43 1235.0 682.5
984 43 1227.0 691.5
996 43 1223.5 691.5
1008 43 1220.5 689.0
1020 43 1217.5 691.0
1032 43 1214.5 693.0
1044 43 1211.5 693.0
1056 43 1209.5 697.0
1068 43 1205.5 705.5
1080 43 1201.5 714.0
1092 43 1185.5 718.0
1104 43 1170.0 726.0
1116 43 1156.0 734.5
1128 43 1140.0 739.0
1140 43 1124.0 747.0
1152 43 1110.0 755.0
1164 43 1094.0 759.0
960 17 698.5 43.0
972 17 685.0 43.0
984 17 675.0 43.0
996 17 667.0 43.0
1008 17 664.0 49.0
1020 17 663.0 57.5
1032 17 660.0 63.5
1044 17 658.0 70.0
1056 17 657.0 80.0
1068 17 647.0 80.0
1080 17 637.0 80.0
1092 17 629.0 80.0
1104 17 619.0 84.0
1116 17 611.0 84.0
1128 17 603.0 84.0
1140 17 595.0 84.0
1152 17 583.0 80.0
1164 17 567.0 80.0
1176 17 551.0 76.0
1188 17 537.0 76.0
984 12 700.5 1500.5
996 12 700.5 1512.5
1008 12 702.5 1527.5
1020 12 704.5 1535.5
1032 12 706.5 1546.0
1044 12 708.5 1556.0
1056 12 710.5 1566.5
1068 12 712.5 1583.0
1080 12 714.5 1604.0
1092 12 714.5 1633.0
1104 12 714.5 1657.0
1116 12 714.5 1678.0
1128 12 714.5 1699.0
1140 12 714.5 1719.0
1152 12 714.5 1732.0
1164 12 714.5 1736.0
1176 12 714.5 1744.0
1188 12 714.5 1752.0
1200 12 714.5 1761.0
1212 12 714.5 1769.0
984 30 971.5 691.5
996 30 975.5 703.5
1008 30 984.0 722.0
1020 30 992.0 734.5
1032 30 1000.0 745.0
1044 30 1008.0 755.0
1056 30 1017.0 767.5
1068 30 1023.0 776.0
1080 30 1031.0 784.0
1092 30 1037.0 792.0
1104 30 1045.0 801.0
1116 30 1053.0 809.0
1128 30 1059.0 817.0
1140 30 1067.0 825.0
1152 30 1075.0 834.0
1164 30 1081.0 842.0
1176 30 1089.0 850.0
1188 30 1095.0 858.0
1200 30 1103.0 867.0
1212 30 1111.0 871.0
984 39 1405.0 728.0
996 39 1405.0 728.0
1008 39 1404.0 728.0
1020 39 1404.0 728.0
1032 39 1404.0 728.0
1044 39 1404.0 728.0
1056 39 1404.0 728.0
1068 39 1404.0 728.0
1080 39 1404.0 728.0
1092 39 1404.0 728.0
1104 39 1404.0 728.0
1116 39 1404.0 728.0
1128 39 1404.0 728.0
1140 39 1404.0 728.0
1152 39 1404.0 728.0
1164 39 1404.0 728.0
1176 39 1404.0 728.0
1188 39 1403.0 730.0
1200 39 1403.0 730.0
1212 39 1403.0 730.0
996 8 1124.0 674.5
1008 8 1124.0 674.5
1020 8 1124.0 674.5
1032 8 1124.0 674.5
1044 8 1124.0 674.5
1056 8 1124.0 674.5
1068 8 1124.0 674.5
1080 8 1124.0 674.5
1092 8 1124.0 674.5
1104 8 1124.0 674.5
1116 8 1124.0 674.5
1128 8 1124.0 674.5
1140 8 1124.0 674.5
1152 8 1124.0 674.5
1164 8 1124.0 674.5
1176 8 1124.0 674.5
1188 8 1124.0 674.5
1200 8 1124.0 674.5
1212 8 1124.0 674.5
1224 8 1124.0 674.5
996 13 1361.0 992.5
1008 13 1323.0 992.5
1020 13 1291.0 992.5
1032 13 1261.0 997.0
1044 13 1229.0 997.0
1056 13 1199.5 1001.0
1068 13 1172.0 1009.0
1080 13 1144.0 1017.5
1092 13 1116.0 1025.5
1104 13 1088.0 1034.0
1116 13 1062.0 1042.0
1128 13 1038.0 1050.5
1140 13 1014.0 1063.0
1152 13 990.0 1083.5
1164 13 966.5 1092.0
1176 13 946.5 1096.0
1188 13 927.0 1104.0
1200 13 909.0 1125.0
1212 13 891.0 1141.0
1224 13 873.0 1162.0
996 15 1374.0 1126.0
1008 15 1354.0 1106.0
1020 15 1338.0 1106.0
1032 15 1322.0 1106.0
1044 15 1306.0 1106.0
1056 15 1292.0 1106.0
1068 15 1260.0 1106.0
1080 15 1230.0 1106.0
1092 15 1198.5 1106.0
1104 15 1169.0 1106.0
1116 15 1139.0 1106.0
1128 15 1107.0 1106.0
1140 15 1077.0 1106.0
1152 15 1059.0 1114.0
1164 15 1035.0 1118.5
1176 15 1005.0 1123.0
1188 15 979.0 1131.0
1200 15 959.5 1147.5
1212 15 939.5 1164.0
1224 15 920.0 1184.5
1068 6 1296.0 800.5
1080 6 1302.0 780.0
1092 6 1306.0 767.5
1104 6 1310.0 755.0
1116 6 1316.0 747.0
1128 6 1320.0 734.5
1140 6 1326.0 726.0
1152 6 1330.0 714.0
1164 6 1329.0 709.5
1176 6 1335.0 689.0
1188 6 1337.0 678.5
1200 6 1337.0 672.5
1212 6 1337.0 666.5
1224 6 1337.0 660.0
1236 6 1336.0 656.0
1248 6 1336.0 652.0
1260 6 1336.0 652.0
1272 6 1336.0 648.0
1284 6 1336.0 648.0
1296 6 1336.0 643.5
1092 22 1176.0 815.0
1104 22 1170.0 811.0
1116 22 1164.0 806.5
1128 22 1158.0 806.5
1140 22 1152.0 802.5
1152 22 1146.0 798.5
1164 22 1140.0 798.5
1176 22 1126.0 790.5
1188 22 1112.0 786.0
1200 22 1100.0 782.0
1212 22 1086.0 782.0
1224 22 1074.0 778.0
1236 22 1060.0 773.5
1248 22 1048.0 769.5
1260 22 1036.0 765.5
1272 22 1024.0 765.5
1284 22 1012.0 761.5
1296 22 1000.0 757.0
1308 22 988.0 753.0
1320 22 976.0 753.0
1140 20 956.5 1670.0
1152 20 956.5 1657.5
1164 20 956.5 1645.0
1176 20 956.5 1632.5
1188 20 956.5 1624.5
1200 20 956.5 1612.0
1212 20 956.5 1603.5
1224 20 956.5 1591.5
1236 20 956.5 1583.0
1248 20 958.5 1566.5
1260 20 958.5 1546.0
1272 20 958.5 1525.0
1284 20 958.5 1504.5
1296 20 954.5 1500.5
1308 20 950.5 1496.5
1320 20 948.5 1492.0
1332 20 944.5 1488.0
1344 20 940.5 1484.0
1356 20 939.0 1480.0
1368 20 935.0 1475.5
1176 44 1086.0 751.0
1188 44 1076.0 743.0
1200 44 1068.0 734.5
1212 44 1060.0 726.0
1224 44 1052.0 718.0
1236 44 1042.0 705.5
1248 44 1032.0 697.0
1260 44 1022.0 693.0
1272 44 1010.0 685.0
1284 44 1000.0 677.0
1296 44 990.0 668.5
1308 44 978.0 660.0
1320 44 968.5 652.0
1332 44 956.5 648.0
1344 44 946.5 639.5
1356 44 935.0 631.0
1368 44 925.0 623.0
1380 44 913.0 615.0
1392 44 903.0 611.0
1404 44 891.0 611.0
1200 18 525.0 76.0
1212 18 513.0 76.0
1224 18 501.0 76.0
1236 18 491.5 76.0
1248 18 479.5 76.0
1260 18 467.5 76.0
1272 18 456.0 76.0
1284 18 446.0 76.0
1296 18 432.0 76.0
1308 18 418.0 80.0
1320 18 406.0 84.0
1332 18 392.0 88.0
1344 18 380.0 92.5
1356 18 366.0 96.5
1368 18 352.0 96.5
1380 18 340.0 101.0
1392 18 331.0 103.0
1404 18 325.0 103.0
1416 18 319.0 103.0
1428 18 304.0 113.0
1224 31 1117.0 879.0
1236 31 1125.0 887.0
1248 31 1131.0 895.5
1260 31 1137.0 904.0
1272 31 1143.0 912.0
1284 31 1149.0 920.0
1296 31 1159.0 924.0
1308 31 1171.0 929.0
1320 31 1180.5 933.0
1332 31 1192.5 937.0
1344 31 1204.5 941.0
1356 31 1214.5 945.0
1368 31 1226.0 949.0
1380 31 1238.0 953.0
1392 31 1250.0 962.0
1404 31 1264.0 974.0
1416 31 1278.0 986.0
1428 31 1290.0 995.0
1440 31 1302.0 999.0
1452 31 1314.0 1007.0
1224 40 1403.0 730.0
1236 40 1403.0 730.0
1248 40 1403.0 730.0
1260 40 1403.0 730.0
1272 40 1403.0 730.0
1284 40 1403.0 730.0
1296 40 1403.0 730.0
1308 40 1403.0 730.0
1320 40 1403.0 730.0
1332 40 1403.0 730.0
1344 40 1402.0 730.0
1356 40 1402.0 730.0
1368 40 1402.0 730.0
1380 40 1402.0 730.0
1392 40 1402.0 730.0
1404 40 1402.0 730.0
1416 40 1402.0 730.0
1428 40 1402.0 730.0
1440 40 1402.0 730.0
1452 40 1402.0 730.0
1236 9 1124.0 674.5
1248 9 1124.0 674.5
1260 9 1124.0 674.5
1272 9 1124.0 674.5
1284 9 1124.0 674.5
1296 9 1124.0 674.5
1308 9 1124.0 674.5
1320 9 1124.0 674.5
1332 9 1124.0 674.5
1344 9 1124.0 674.5
1356 9 1124.0 674.5
1368 9 1124.0 674.5
1380 9 1124.0 674.5
1392 9 1124.0 674.5
1404 9 1124.0 674.5
1416 9 1124.0 674.5
1428 9 1124.0 674.5
1440 9 1124.0 674.5
1452 9 1124.0 674.5
1464 9 1124.0 674.5
1236 14 855.0 1182.5
1248 14 841.0 1211.5
1260 14 829.0 1244.5
1272 14 817.0 1281.5
1284 14 805.0 1319.0
1296 14 798.0 1327.0
1308 14 792.0 1343.5
1320 14 788.0 1376.5
1332 14 784.0 1405.5
1344 14 779.0 1438.5
1356 14 775.0 1471.5
1368 14 770.0 1500.5
1380 14 765.0 1533.5
1392 14 761.0 1562.5
1404 14 761.0 1591.0
1416 14 763.0 1616.0
1428 14 763.0 1641.0
1440 14 765.0 1670.0
1452 14 765.0 1711.0
1464 14 765.0 1752.0
1236 16 900.0 1201.0
1248 16 886.0 1218.0
1260 16 876.0 1238.0
1272 16 866.0 1259.0
1284 16 864.0 1321.0
1296 16 851.0 1325.0
1308 16 841.0 1343.5
1320 16 837.0 1372.5
1332 16 833.0 1403.5
1344 16 828.0 1430.0
1356 16 823.0 1461.0
1368 16 818.0 1490.0
1380 16 814.0 1517.0
1392 16 812.0 1581.0
1404 16 810.0 1618.0
1416 16 808.0 1651.0
1428 16 806.0 1680.0
1440 16 804.0 1713.0
1452 16 804.0 1742.0
1464 16 804.0 1771.0
1308 7 1335.0 643.5
1320 7 1335.0 639.5
1332 7 1335.0 639.5
1344 7 1335.0 635.5
1356 7 1335.0 635.5
1368 7 1335.0 631.0
1380 7 1333.0 627.0
1392 7 1333.0 627.0
1404 7 1333.0 623.0
1416 7 1333.0 623.0
1428 7 1333.0 619.0
1440 7 1333.0 619.0
1452 7 1333.0 615.0
1464 7 1332.0 615.0
1476 7 1332.0 610.5
1488 7 1332.0 606.5
1500 7 1332.0 606.5
1512 7 1332.0 602.5
1524 7 1332.0 602.5
1536 7 1332.0 602.5
1332 23 964.5 749.0
1344 23 952.5 745.0
1356 23 941.0 740.5
1368 23 929.0 740.5
1380 23 917.0 736.5
1392 23 899.0 728.5
1404 23 879.0 724.0
1416 23 859.0 716.0
1428 23 841.0 716.0
1440 23 825.0 716.0
1452 23 809.0 716.0
1464 23 795.0 720.0
1476 23 779.0 720.0
1488 23 763.0 720.0
1500 23 749.0 724.0
1512 23 738.0 724.0
1524 23 727.5 724.0
1536 23 716.5 726.5
1548 23 704.5 726.5
1560 23 693.0 726.5
1416 45 879.0 611.0
1428 45 869.0 602.0
1440 45 859.0 594.0
1452 45 847.0 582.0
1464 45 837.0 569.0
1476 45 827.0 561.0
1488 45 817.0 549.0
1500 45 807.0 540.5
1512 45 793.0 534.0
1524 45 781.0 530.0
1536 45 768.0 528.0
1548 45 759.0 520.0
1560 45 753.0 511.5
1572 45 745.0 499.0
1584 45 737.0 487.0
1596 45 725.5 474.5
1608 45 715.5 458.0
1620 45 705.5 445.5
1632 45 700.0 433.0
1644 45 694.0 420.5
1464 41 1402.0 730.0
1476 41 1402.0 730.0
1488 41 1402.0 730.0
1500 41 1402.0 730.0
1512 41 1402.0 726.0
1524 41 1402.0 726.0
1536 41 1402.0 726.0
1548 41 1402.0 726.0
1560 41 1402.0 726.0
1572 41 1402.0 726.0
1584 41 1402.0 726.0
1596 41 1403.0 726.0
1608 41 1403.0 724.0
1620 41 1403.0 724.0
1632 41 1403.0 724.0
1644 41 1403.0 724.0
1656 41 1403.0 724.0
1668 41 1403.0 724.0
1680 41 1404.0 722.0
1692 41 1404.0 722.0
1500 25 818.0 519.5
1512 25 808.0 509.5
1524 25 798.0 499.0
1536 25 788.0 491.0
1548 25 778.0 480.5
1560 25 770.0 472.5
1572 25 762.0 464.0
1584 25 754.0 455.5
1596 25 744.0 447.5
1608 25 736.0 439.5
1620 25 728.5 431.0
1632 25 720.5 422.5
1644 25 712.5 414.5
1656 25 706.5 402.0
1668 25 703.0 389.5
1680 25 701.0 377.5
1692 25 699.0 365.0
1704 25 695.0 352.5
1716 25 693.0 340.0
1728 25 689.0 327.5
1500 33 1413.0 749.0
1512 33 1413.0 749.0
1524 33 1413.0 749.0
1536 33 1413.0 749.0
1548 33 1413.0 749.0
1560 33 1413.0 749.0
1572 33 1413.0 749.0
1584 33 1413.0 749.0
1596 33 1413.0 749.0
1608 33 1413.0 749.0
1620 33 1413.0 749.0
1632 33 1413.0 749.0
1644 33 1413.0 749.0
1656 33 1413.0 749.0
1668 33 1413.0 749.0
1680 33 1413.0 749.0
1692 33 1413.0 749.0
1704 33 1413.0 749.0
1716 33 1413.0 749.0
1728 33 1413.0 749.0
1500 35 1386.0 722.0
1512 35 1386.0 722.0
1524 35 1386.0 722.0
1536 35 1386.0 722.0
1548 35 1386.0 722.0
1560 35 1386.0 722.0
1572 35 1386.0 722.0
1584 35 1386.0 722.0
1596 35 1386.0 722.0
1608 35 1386.0 722.0
1620 35 1386.0 722.0
1632 35 1386.0 722.0
1644 35 1386.0 722.0
1656 35 1386.0 722.0
1668 35 1386.0 722.0
1680 35 1386.0 722.0
1692 35 1386.0 722.0
1704 35 1386.0 722.0
1716 35 1386.0 722.0
1728 35 1386.0 722.0
1500 77 1275.0 1059.0
1512 77 1275.0 1059.0
1524 77 1275.0 1059.0
1536 77 1275.0 1059.0
1548 77 1275.0 1059.0
1560 77 1275.0 1059.0
1572 77 1275.0 1059.0
1584 77 1275.0 1059.0
1596 77 1275.0 1059.0
1608 77 1275.0 1059.0
1620 77 1275.0 1059.0
1632 77 1275.0 1059.0
1644 77 1275.0 1059.0
1656 77 1275.0 1059.0
1668 77 1275.0 1059.0
1680 77 1275.0 1059.0
1692 77 1275.0 1059.0
1704 77 1275.0 1059.0
1716 77 1275.0 1059.0
1728 77 1275.0 1059.0
1560 69 1058.0 84.0
1572 69 1058.0 92.5
1584 69 1058.0 101.0
1596 69 1058.0 109.0
1608 69 1058.0 117.0
1620 69 1058.0 129.5
1632 69 1058.0 138.0
1644 69 1056.0 146.0
1656 69 1052.0 158.5
1668 69 1049.0 171.0
1680 69 1046.0 179.0
1692 69 1043.0 191.5
1704 69 1039.0 200.0
1716 69 1035.0 212.0
1728 69 1027.0 220.5
1740 69 1019.0 229.0
1752 69 1011.0 237.0
1764 69 1007.0 249.0
1776 69 1003.0 262.0
1788 69 999.0 274.0
1572 24 677.0 730.5
1584 24 661.0 734.5
1596 24 647.0 742.5
1608 24 635.0 751.0
1620 24 625.0 759.5
1632 24 613.0 763.5
1644 24 601.0 771.5
1656 24 589.0 779.5
1668 24 575.0 792.5
1680 24 561.0 804.5
1692 24 545.0 817.0
1704 24 531.0 829.5
1716 24 519.0 841.5
1728 24 505.0 854.5
1740 24 493.5 862.5
1752 24 481.5 870.5
1764 24 469.5 879.0
1776 24 458.0 879.0
1788 24 442.0 883.5
1800 24 426.0 887.5
1584 32 933.0 30.5
1596 32 933.0 43.0
1608 32 931.0 55.0
1620 32 930.0 66.0
1632 32 930.0 74.0
1644 32 933.0 74.0
1656 32 936.0 82.0
1668 32 939.5 99.0
1680 32 943.5 115.0
1692 32 949.5 136.0
1704 32 959.5 152.0
1716 32 975.0 156.0
1728 32 987.0 161.0
1740 32 995.0 161.0
1752 32 1001.0 177.0
1764 32 1009.0 194.0
1776 32 1025.0 194.0
1788 32 1037.0 202.0
1800 32 1047.0 210.0
1812 32 1061.0 214.0
1656 46 688.0 408.5
1668 46 682.0 396.0
1680 46 676.0 383.5
1692 46 670.0 367.0
1704 46 664.0 354.5
1716 46 664.0 342.0
1728 46 662.0 334.0
1740 46 661.0 325.5
1752 46 659.0 313.5
1764 46 657.0 301.0
1776 46 655.0 288.5
1788 46 653.0 276.0
1800 46 651.0 268.0
1812 46 651.0 251.5
1824 46 653.0 235.0
1836 46 655.0 222.5
1848 46 655.0 214.0
1860 46 653.0 206.0
1872 46 651.0 202.0
1884 46 649.0 193.5
1656 72 941.0 1938.0
1668 72 943.0 1938.0
1680 72 943.0 1924.0
1692 72 943.0 1907.0
1704 72 944.5 1903.0
1716 72 945.5 1882.5
1728 72 944.5 1868.0
1740 72 944.5 1843.0
1752 72 943.5 1820.5
1764 72 943.5 1800.0
1776 72 948.5 1789.5
1788 72 950.5 1785.0
1800 72 949.5 1775.0
1812 72 947.5 1758.5
1824 72 947.5 1744.0
1836 72 946.5 1727.5
1848 72 946.5 1711.0
1860 72 944.5 1705.0
1872 72 942.0 1699.0
1884 72 940.0 1692.5
1704 42 1404.0 722.0
1716 42 1404.0 720.0
1728 42 1404.0 720.0
1740 42 1404.0 720.0
1752 42 1404.0 720.0
1764 42 1404.0 720.0
1776 42 1406.0 720.0
1788 42 1406.0 720.0
1800 42 1406.0 720.0
1812 42 1406.0 720.0
1824 42 1406.0 718.0
1836 42 1406.0 718.0
1848 42 1406.0 718.0
1860 42 1407.0 716.0
1872 42 1407.0 716.0
1884 42 1407.0 716.0
1896 42 1407.0 716.0
1908 42 1407.0 716.0
1920 42 1407.0 716.0
1932 42 1407.0 714.0
1740 26 687.0 315.5
1752 26 683.0 303.0
1764 26 681.0 286.5
1776 26 681.0 274.0
1788 26 681.0 261.5
1800 26 681.0 247.5
1812 26 681.0 235.0
1824 26 681.0 226.5
1836 26 681.0 214.5
1848 26 679.0 201.5
1860 26 679.0 193.5
1872 26 675.0 181.5
1884 26 673.0 168.5
1896 26 671.0 156.5
1908 26 661.0 148.5
1920 26 651.0 140.0
1932 26 641.0 131.5
1944 26 631.0 131.5
1956 26 619.0 131.5
1968 26 605.0 131.5
1740 34 1413.0 749.0
1752 34 1413.0 749.0
1764 34 1413.0 749.0
1776 34 1413.0 749.0
1788 34 1413.0 749.0
1800 34 1413.0 749.0
1812 34 1413.0 749.0
1824 34 1413.0 749.0
1836 34 1413.0 749.0
1848 34 1413.0 749.0
1860 34 1413.0 749.0
1872 34 1413.0 749.0
1884 34 1413.0 749.0
1896 34 1413.0 749.0
1908 34 1413.0 749.0
1920 34 1413.0 749.0
1932 34 1413.0 749.0
1944 34 1413.0 749.0
1956 34 1413.0 749.0
1968 34 1413.0 749.0
1740 36 1386.0 722.0
1752 36 1386.0 722.0
1764 36 1386.0 722.0
1776 36 1386.0 722.0
1788 36 1386.0 722.0
1800 36 1386.0 722.0
1812 36 1386.0 722.0
1824 36 1386.0 722.0
1836 36 1386.0 722.0
1848 36 1386.0 722.0
1860 36 1386.0 722.0
1872 36 1386.0 722.0
1884 36 1386.0 722.0
1896 36 1386.0 722.0
1908 36 1386.0 722.0
1920 36 1386.0 722.0
1932 36 1386.0 722.0
1944 36 1386.0 722.0
1956 36 1386.0 722.0
1968 36 1386.0 722.0
1740 74 950.5 1942.0
1752 74 946.5 1922.0
1764 74 946.5 1909.0
1776 74 946.5 1895.0
1788 74 946.5 1880.0
1800 74 946.5 1866.0
1812 74 946.5 1851.0
1824 74 946.5 1837.0
1836 74 946.5 1822.5
1848 74 944.5 1808.0
1860 74 944.5 1796.0
1872 74 944.5 1781.0
1884 74 944.5 1767.0
1896 74 944.5 1752.0
1908 74 944.5 1738.0
1920 74 944.5 1723.0
1932 74 944.5 1709.0
1944 74 944.5 1697.0
1956 74 944.5 1682.0
1968 74 944.5 1670.0
1740 78 1275.0 1059.0
1752 78 1275.0 1059.0
1764 78 1275.0 1059.0
1776 78 1275.0 1059.0
1788 78 1275.0 1059.0
1800 78 1275.0 1059.0
1812 78 1275.0 1059.0
1824 78 1275.0 1059.0
1836 78 1275.0 1059.0
1848 78 1275.0 1059.0
1860 78 1275.0 1059.0
1872 78 1275.0 1059.0
1884 78 1275.0 1059.0
1896 78 1275.0 1059.0
1908 78 1275.0 1059.0
1920 78 1275.0 1059.0
1932 78 1275.0 1059.0
1944 78 1275.0 1059.0
1956 78 1275.0 1059.0
1968 78 1275.0 1059.0
1788 75 980.0 1783.5
1800 75 978.0 1770.5
1812 75 975.0 1758.5
1824 75 973.0 1746.5
1836 75 970.5 1729.5
1848 75 968.5 1717.5
1860 75 966.5 1704.5
1872 75 968.5 1688.5
1884 75 970.5 1674.0
1896 75 971.0 1657.5
1908 75 970.5 1647.0
1920 75 968.5 1632.5
1932 75 961.5 1622.5
1944 75 964.5 1618.5
1956 75 960.5 1605.5
1968 75 964.5 1572.5
1980 75 959.5 1568.5
1992 75 959.5 1552.0
2004 75 959.5 1535.5
2016 75 960.5 1519.0
1800 70 993.0 284.5
1812 70 985.0 293.0
1824 70 977.0 301.0
1836 70 971.0 309.0
1848 70 965.5 313.0
1860 70 959.5 321.5
1872 70 953.5 330.0
1884 70 949.5 340.0
1896 70 946.5 352.5
1908 70 943.0 363.0
1920 70 943.0 367.0
1932 70 943.0 367.0
1944 70 943.0 367.0
1956 70 943.0 367.0
1968 70 943.0 392.0
1980 70 943.0 437.0
1992 70 939.0 450.0
2004 70 939.0 462.0
2016 70 940.0 468.0
2028 70 942.0 472.0
1896 73 941.0 1668.0
1908 73 941.0 1643.0
1920 73 940.0 1647.0
1932 73 940.0 1647.0
1944 73 940.0 1614.0
1956 73 936.0 1614.0
1968 73 936.0 1589.0
1980 73 938.0 1568.5
1992 73 938.0 1556.0
2004 73 938.0 1542.0
2016 73 938.0 1529.0
2028 73 938.0 1517.0
2040 73 938.0 1504.5
2052 73 938.0 1492.0
2064 73 938.0 1480.0
2076 73 938.0 1467.5
2088 73 938.0 1455.0
2100 73 938.0 1443.0
2112 73 938.0 1430.0
2124 73 942.0 1414.0