336 26 909.0 1155.0
348 26 893.5 1139.0
360 26 880.5 1139.0
372 26 869.5 1135.0
384 26 856.5 1135.0
396 26 845.0 1135.0
408 26 832.0 1131.0
420 26 821.0 1131.0
432 26 808.0 1131.0
444 26 797.0 1127.0
456 26 784.0 1127.0
468 26 773.0 1122.5
480 26 760.0 1122.5
492 26 749.0 1122.5
504 26 737.0 1120.5
516 26 726.0 1120.5
528 26 716.0 1120.5
540 26 705.0 1120.5
552 26 694.0 1120.5
564 26 680.5 1114.5
444 11 31.0 1149.5
456 11 55.0 1129.0
468 11 70.0 1129.0
480 11 82.5 1124.5
492 11 95.5 1116.5
504 11 107.0 1116.5
516 11 118.0 1125.0
528 11 129.5 1131.0
540 11 138.5 1137.0
552 11 149.5 1141.0
564 11 162.5 1141.0
576 11 175.5 1137.0
588 11 190.5 1133.0
600 11 203.5 1129.0
612 11 216.5 1125.0
624 11 227.5 1116.5
636 11 236.5 1108.0
648 11 246.0 1096.0
660 11 255.5 1083.5
672 11 262.5 1075.0
504 17 284.5 1001.0
516 17 277.5 1001.0
528 17 268.5 1001.0
540 17 260.5 997.0
552 17 251.5 997.0
564 17 244.5 992.5
576 17 236.5 992.5
588 17 227.5 988.5
600 17 220.0 988.5
612 17 210.5 988.5
624 17 205.5 984.0
636 17 201.5 984.0
648 17 195.5 984.0
660 17 192.5 984.0
672 17 186.5 984.0
684 17 182.5 984.0
696 17 177.5 980.0
708 17 173.5 980.0
720 17 168.5 980.0
732 17 164.5 980.0
504 21 1106.5 645.5
516 21 1106.5 645.5
528 21 1106.5 645.5
540 21 1106.5 645.5
552 21 1106.5 645.5
564 21 1106.5 645.5
576 21 1106.5 645.5
588 21 1106.5 645.5
600 21 1106.5 645.5
612 21 1106.5 645.5
624 21 1106.5 645.5
636 21 1106.5 645.5
648 21 1106.5 645.5
660 21 1106.5 645.5
672 21 1106.5 645.5
684 21 1106.5 645.5
696 21 1106.5 645.5
708 21 1106.5 645.5
720 21 1106.5 645.5
732 21 1106.5 645.5
576 19 1185.5 926.5
588 19 1170.5 926.5
600 19 1157.5 926.5
612 19 1144.5 926.5
624 19 1131.5 926.5
636 19 1120.5 926.5
648 19 1111.0 922.5
660 19 1102.0 922.5
672 19 1094.5 918.5
684 19 1083.5 914.0
696 19 1070.5 914.0
708 19 1057.5 910.0
720 19 1044.5 910.0
732 19 1031.5 905.5
744 19 1016.5 905.5
756 19 1003.5 905.5
768 19 992.5 914.0
780 19 979.5 918.5
792 19 966.5 922.5
804 19 953.5 922.5
576 27 667.5 1110.5
588 27 652.5 1102.0
600 27 639.5 1093.5
612 27 625.0 1089.5
624 27 612.0 1081.5
636 27 601.0 1081.5
648 27 588.0 1081.5
660 27 575.0 1077.5
672 27 562.0 1077.5
684 27 551.0 1073.5
696 27 538.0 1073.5
708 27 525.0 1073.5
720 27 512.0 1073.5
732 27 501.0 1081.5
744 27 488.0 1085.5
756 27 475.0 1089.5
768 27 462.0 1093.5
780 27 449.0 1093.5
792 27 436.0 1089.5
804 27 423.0 1085.5
624 31 68.5 1238.0
636 31 51.5 1209.0
648 31 38.5 1193.0
660 31 25.5 1180.5
672 31 22.0 1166.0
684 31 13.02 1153.43
696 31 13.08 1153.25
708 31 13.13 1153.07
720 31 13.18 1152.89
732 31 13.24 1152.71
744 31 13.29 1152.53
756 31 13.35 1152.35
768 31 13.4 1152.17
780 31 13.45 1151.99
792 31 13.51 1151.81
804 31 13.56 1151.63
816 31 13.62 1151.45
828 31 13.67 1151.27
840 31 13.72 1151.09
852 31 13.78 1150.91
684 12 271.5 1063.0
696 12 281.5 1054.5
708 12 290.5 1044.0
720 12 299.5 1036.0
732 12 309.5 1026.0
744 12 319.5 1015.0
756 12 328.5 1005.0
768 12 337.5 997.0
780 12 345.5 988.0
792 12 357.5 978.0
804 12 368.5 970.0
816 12 379.5 962.0
828 12 390.5 953.0
840 12 401.5 945.0
852 12 412.5 937.0
864 12 423.5 929.0
876 12 434.5 920.0
888 12 444.5 912.0
900 12 455.5 900.0
912 12 464.5 891.0
744 22 1106.5 645.5
756 22 1106.5 645.5
768 22 1106.5 645.5
780 22 1106.5 645.5
792 22 1106.5 645.5
804 22 1106.5 645.5
816 22 1106.5 645.5
828 22 1106.5 645.5
840 22 1106.5 645.5
852 22 1106.5 645.5
864 22 1106.5 645.5
876 22 1106.5 645.5
888 22 1106.5 645.5
900 22 1106.5 645.5
912 22 1106.5 645.5
924 22 1106.5 645.5
936 22 1106.5 645.5
948 22 1106.5 645.5
960 22 1106.5 645.5
972 22 1106.5 645.5
816 28 410.0 1085.5
828 28 397.0 1089.5
840 28 384.0 1093.5
852 28 371.0 1097.5
864 28 358.0 1102.0
876 28 347.0 1106.5
888 28 337.5 1106.5
900 28 328.5 1106.5
912 28 319.0 1106.5
924 28 306.0 1110.5
936 28 293.0 1110.5
948 28 280.0 1110.5
960 28 263.5 1114.5
972 28 249.0 1118.5
984 28 234.0 1122.5
996 28 223.0 1122.5
1008 28 210.0 1120.5
1020 28 196.0 1118.5
1032 28 183.0 1120.5
1044 28 170.0 1118.5
864 33 13.83 1150.73
876 33 13.88 1150.55
888 33 13.94 1150.37
900 33 13.99 1150.19
912 33 14.05 1150.01
924 33 14.1 1149.83
936 33 14.15 1149.65
948 33 14.21 1149.47
960 33 14.26 1149.29
972 33 14.32 1149.11
984 33 14.37 1148.93
996 33 14.42 1148.75
1008 33 14.48 1148.57
1020 33 14.53 1148.4
1032 33 14.59 1148.22
1044 33 14.64 1148.04
1056 33 14.69 1147.86
1068 33 14.75 1147.68
1080 33 14.8 1147.5
1092 33 14.85 1147.32
900 5 45.5 1244.0
912 5 47.5 1220.0
924 5 54.5 1211.0
936 5 60.5 1207.0
948 5 67.5 1203.0
960 5 82.0 1195.0
972 5 98.5 1191.0
984 5 117.5 1187.0
996 5 133.5 1178.0
1008 5 146.5 1170.0
1020 5 159.5 1162.0
1032 5 174.5 1158.0
1044 5 189.5 1154.0
1056 5 202.5 1147.0
1068 5 217.5 1141.0
1080 5 232.0 1135.0
1092 5 245.0 1131.0
1104 5 261.5 1127.0
1116 5 278.5 1121.0
1128 5 295.0 1116.0
924 13 473.5 883.0
936 13 481.5 875.0
948 13 490.5 862.5
960 13 499.5 854.0
972 13 507.5 846.0
984 13 514.5 834.0
996 13 520.5 821.0
1008 13 524.5 805.0
1020 13 527.5 792.0
1032 13 530.5 778.0
1044 13 533.0 763.0
1056 13 536.5 751.0
1068 13 538.5 734.5
1080 13 541.5 722.0
1092 13 545.0 708.0
1104 13 547.0 693.0
1116 13 550.0 679.0
1128 13 553.5 666.0
1140 13 556.0 652.0
1152 13 558.0 637.0
1104 34 14.91 1147.14
1116 34 14.96 1146.96
1128 34 15.02 1146.78
1140 34 15.07 1146.6
1152 34 15.12 1146.42
1164 34 15.18 1146.24
1176 34 15.23 1146.06
1188 34 15.29 1145.88
1200 34 15.34 1145.7
1212 34 15.39 1145.52
1224 34 15.45 1145.34
1236 34 15.5 1145.16
1248 34 15.56 1144.98
1260 34 15.61 1144.8
1272 34 15.66 1144.62
1284 34 15.72 1144.44
1296 34 15.77 1144.26
1308 34 15.82 1144.08
1320 34 15.88 1143.9
1332 34 15.93 1143.72
1140 6 311.5 1110.0
1152 6 330.5 1106.0
1164 6 345.0 1102.0
1176 6 359.5 1098.0
1188 6 374.5 1094.0
1200 6 389.5 1094.0
1212 6 404.5 1090.0
1224 6 419.5 1085.5
1236 6 434.0 1081.0
1248 6 450.5 1081.0
1260 6 467.5 1077.0
1272 6 482.5 1077.0
1284 6 498.5 1077.0
1296 6 515.5 1073.0
1308 6 532.5 1073.0
1320 6 547.0 1069.0
1332 6 561.5 1065.0
1344 6 578.5 1061.0
1356 6 593.5 1056.5
1368 6 608.5 1052.5
1164 14 562.0 625.0
1176 14 565.0 609.0
1188 14 566.5 596.0
1200 14 570.0 584.0
1212 14 573.0 567.0
1224 14 576.0 555.0
1236 14 578.5 538.0
1248 14 581.0 526.0
1260 14 584.0 511.5
1272 14 588.0 497.0
1284 14 589.5 485.0
1296 14 592.5 470.0
1308 14 596.0 456.0
1320 14 598.0 441.0
1332 14 600.5 429.0
1344 14 604.5 414.5
1356 14 607.5 400.0
1368 14 609.0 386.0
1380 14 612.5 371.0
1392 14 615.5 359.0
1296 30 19.0 1174.0
1308 30 34.0 1182.5
1320 30 50.5 1191.0
1332 30 61.5 1203.0
1344 30 71.0 1215.5
1356 30 80.0 1232.0
1368 30 84.0 1236.0
1380 30 84.0 1236.0
1392 30 84.0 1236.0
1404 30 84.0 1236.0
1416 30 84.0 1236.0
1428 30 84.0 1236.0
1440 30 84.0 1236.0
1452 30 84.0 1236.0
1464 30 84.0 1236.0
1476 30 84.0 1236.0
1488 30 84.0 1236.0
1500 30 84.0 1236.0
1512 30 84.0 1236.0
1524 30 84.0 1236.0
1380 7 623.0 1052.5
1392 7 639.5 1052.5
1404 7 654.5 1052.5
1416 7 671.5 1052.5
1428 7 687.5 1052.5
1440 7 702.5 1052.5
1452 7 717.5 1056.5
1464 7 732.5 1056.5
1476 7 747.0 1056.5
1488 7 762.0 1061.0
1500 7 773.0 1061.0
1512 7 783.0 1065.0
1524 7 793.5 1071.0
1536 7 804.5 1077.5
1548 7 824.0 1081.5
1560 7 846.5 1081.5
1572 7 868.5 1081.5
1584 7 887.0 1081.5
1596 7 896.5 1093.5
1608 7 905.5 1081.5
1500 32 209.5 1032.0
1512 32 196.5 1032.0
1524 32 183.5 1034.0
1536 32 169.5 1032.0
1548 32 155.5 1032.0
1560 32 140.5 1028.0
1572 32 125.5 1028.0
1584 32 112.5 1023.5
1596 32 101.5 1023.5
1608 32 90.5 1023.5
1620 32 77.5 1023.5
1632 32 62.5 1028.0
1644 32 47.5 1032.0
1656 32 35.5 1023.5
1668 32 27.5 1007.0
1680 32 19.0 990.5
1692 32 19.0 986.0
1704 32 19.0 986.0
1716 32 19.0 982.0
1728 32 19.0 982.0
1500 37 1129.5 629.0
1512 37 1128.5 627.0
1524 37 1128.5 627.0
1536 37 1128.5 625.0
1548 37 1128.5 625.0
1560 37 1128.5 625.0
1572 37 1128.5 623.0
1584 37 1128.5 623.0
1596 37 1128.5 623.0
1608 37 1128.5 621.0
1620 37 1128.5 621.0
1632 37 1126.5 621.0
1644 37 1126.5 621.0
1656 37 1126.5 621.0
1668 37 1126.5 621.0
1680 37 1126.5 621.0
1692 37 1125.5 621.0
1704 37 1125.5 621.0
1716 37 1125.5 621.0
1728 37 1125.5 621.0
1620 8 920.5 1081.5
1632 8 931.5 1065.0
1644 8 942.5 1048.5
1656 8 957.5 1040.0
1668 8 976.0 1036.0
1680 8 994.5 1031.5
1692 8 1005.5 1019.5
1704 8 1016.5 1011.0
1716 8 1027.5 1003.0
1728 8 1039.0 1003.0
1740 8 1050.0 1003.0
1752 8 1061.0 1003.0
1764 8 1072.5 1003.0
1776 8 1085.5 998.5
1788 8 1100.0 994.5
1800 8 1116.5 990.5
1812 8 1131.5 986.5
1824 8 1150.0 982.5
1836 8 1166.5 982.5
1848 8 1176.0 974.0
1740 38 1125.5 621.0
1752 38 1123.5 621.0
1764 38 1123.5 621.0
1776 38 1123.5 621.0
1788 38 1123.5 621.0
1800 38 1123.5 621.0
1812 38 1121.5 621.0
1824 38 1121.5 621.0
1836 38 1121.5 621.0
1848 38 1121.5 621.0
1860 38 1121.5 621.0
1872 38 1119.5 621.0
1884 38 1119.5 621.0
1896 38 1117.5 621.0
1908 38 1117.5 621.0
1920 38 1115.5 621.0
1932 38 1115.5 621.0
1944 38 1115.5 621.0
1956 38 1115.5 621.0
1968 38 1115.5 621.0
1860 9 1190.5 970.0
1872 9 1190.47 967.86
1884 9 1190.45 965.71
1896 9 1190.42 963.57
1908 9 1190.39 961.42
1920 9 1190.36 959.28
1932 9 1190.34 957.13
1944 9 1190.31 954.99
1956 9 1190.28 952.84
1968 9 1190.26 950.7
1980 9 1190.23 948.55
1992 9 1190.2 946.41
2004 9 1190.17 944.26
2016 9 1190.15 942.12
2028 9 1190.12 939.97
2040 9 1190.09 937.83
2052 9 1190.07 935.68
2064 9 1190.04 933.54
2076 9 1190.01 931.39
2088 9 1182.5 930.5
1968 10 242.5 996.5
1980 10 249.5 1000.5
1992 10 270.0 1021.5
2004 10 262.5 1011.5
2016 10 270.5 1007.0
2028 10 279.5 1001.0
2040 10 286.5 999.0
2052 10 291.0 988.0
2064 10 287.0 1013.5
2076 10 305.0 986.5
2088 10 316.0 976.0
2100 10 321.0 976.0
2112 10 326.5 964.0
2124 10 329.0 968.0
2136 10 335.0 955.5
2148 10 338.5 935.0
2160 10 343.0 924.5
2172 10 348.0 940.5
2184 10 351.5 930.5
2196 10 356.0 895.5