0 109 297.5 918.0
12 109 290.5 906.0
24 109 285.0 893.5
36 109 279.0 883.0
48 109 272.5 871.0
60 109 267.5 863.0
72 109 261.5 850.0
84 109 255.5 840.0
96 109 249.5 828.0
108 109 244.5 817.5
120 109 237.5 807.0
132 109 232.5 797.0
144 109 226.5 784.5
156 109 220.5 774.0
168 109 214.5 762.0
180 109 209.5 754.0
192 109 209.5 745.5
204 109 210.5 737.0
216 109 210.5 725.0
228 109 210.5 720.5
0 116 571.0 939.0
12 116 584.0 939.0
24 116 598.5 939.0
36 116 611.5 943.0
48 116 626.0 943.0
60 116 640.0 947.0
72 116 654.0 947.0
84 116 667.5 949.0
96 116 681.0 951.0
108 116 696.0 953.0
120 116 710.0 955.0
132 116 723.5 957.0
144 116 737.5 959.0
156 116 752.0 961.0
168 116 765.0 961.0
180 116 780.0 965.5
192 116 793.5 965.5
204 116 807.5 967.5
216 116 822.0 969.5
228 116 835.0 969.5
48 17 1287.0 764.0
60 17 1273.0 752.0
72 17 1258.5 752.0
84 17 1245.5 752.0
96 17 1232.5 752.0
108 17 1219.5 752.0
120 17 1206.5 752.0
132 17 1192.0 752.0
144 17 1179.5 752.0
156 17 1166.5 747.5
168 17 1153.5 747.5
180 17 1140.5 747.5
192 17 1125.5 747.5
204 17 1112.5 747.5
216 17 1100.0 747.5
228 17 1087.5 747.5
240 17 1074.5 747.5
252 17 1059.5 743.5
264 17 1044.5 743.5
276 17 1031.5 743.5
156 111 1218.5 1163.0
168 111 1222.5 1150.0
180 111 1226.5 1138.0
192 111 1227.5 1126.0
204 111 1231.5 1113.0
216 111 1233.5 1101.0
228 111 1237.5 1089.0
240 111 1240.5 1076.0
252 111 1242.5 1060.0
264 111 1246.5 1048.0
276 111 1248.5 1035.0
288 111 1251.5 1023.0
300 111 1255.5 1011.0
312 111 1257.5 998.0
324 111 1261.0 986.0
336 111 1266.5 974.0
348 111 1275.5 961.0
360 111 1284.5 949.0
372 111 1292.5 937.0
384 111 1297.5 928.0
240 110 210.5 720.5
252 110 210.5 720.5
264 110 210.5 720.5
276 110 210.5 720.5
288 110 210.5 720.5
300 110 210.5 720.5
312 110 210.5 720.5
324 110 210.5 720.5
336 110 210.5 720.5
348 110 210.5 720.5
360 110 210.5 720.5
372 110 210.5 720.5
384 110 210.5 720.5
396 110 210.5 720.5
408 110 210.5 720.5
420 110 210.5 720.5
432 110 210.5 720.5
444 110 210.5 720.5
456 110 210.5 720.5
468 110 210.5 720.5
240 117 849.5 974.0
252 117 864.5 974.0
264 117 879.0 978.0
276 117 894.0 978.0
288 117 907.0 978.0
300 117 921.5 982.0
312 117 936.0 982.0
324 117 951.0 982.0
336 117 965.5 986.0
348 117 980.5 986.0
360 117 993.0 986.0
372 117 1008.0 990.0
384 117 1022.5 990.0
396 117 1037.5 994.0
408 117 1052.0 994.0
420 117 1067.0 994.0
432 117 1081.5 998.0
444 117 1094.5 998.0
456 117 1109.0 998.0
468 117 1122.0 998.0
264 114 22.5 791.0
276 114 37.0 791.0
288 114 50.0 791.0
300 114 63.0 791.0
312 114 78.0 795.0
324 114 90.5 795.0
336 114 103.5 795.0
348 114 118.0 799.0
360 114 131.0 799.0
372 114 144.0 799.0
384 114 158.5 803.0
396 114 171.5 803.0
408 114 184.5 803.0
420 114 197.5 803.0
432 114 212.0 807.0
444 114 225.0 807.0
456 114 238.0 807.0
468 114 251.0 807.0
480 114 263.5 807.0
492 114 276.5 803.0
288 18 1017.5 743.5
300 18 1004.5 743.5
312 18 989.5 743.5
324 18 974.5 743.5
336 18 962.0 743.5
348 18 947.5 743.5
360 18 934.5 743.5
372 18 919.5 743.5
384 18 906.5 743.5
396 18 892.0 743.5
408 18 877.5 743.5
420 18 864.5 743.5
432 18 849.5 739.0
444 18 835.0 739.0
456 18 820.5 739.0
468 18 807.5 739.0
480 18 792.5 739.0
492 18 778.0 739.0
504 18 763.5 739.0
516 18 748.5 741.0
312 8 1293.0 756.0
324 8 1278.5 756.0
336 8 1263.5 756.0
348 8 1251.0 756.0
360 8 1236.0 756.0
372 8 1221.5 756.0
384 8 1206.5 756.0
396 8 1194.0 752.0
408 8 1179.0 752.0
420 8 1164.5 752.0
432 8 1149.5 752.0
444 8 1135.0 752.0
456 8 1122.0 752.0
468 8 1107.5 752.0
480 8 1092.5 752.0
492 8 1078.0 752.0
504 8 1063.0 752.0
516 8 1047.5 752.0
528 8 1032.0 752.0
540 8 1017.0 752.0
504 115 289.5 799.0
516 115 300.5 797.0
528 115 311.5 793.0
540 115 323.5 790.5
552 115 334.5 786.5
564 115 346.5 784.5
576 115 358.5 780.5
588 115 369.5 776.5
600 115 381.5 774.5
612 115 392.5 770.5
624 115 404.5 768.5
636 115 415.5 764.0
648 115 426.5 761.5
660 115 439.5 753.5
672 115 452.5 745.5
684 115 465.5 737.5
696 115 476.5 729.5
708 115 489.0 720.5
720 115 501.5 712.5
732 115 514.5 704.5
516 118 1313.0 1018.5
528 118 1273.0 998.5
540 118 1238.0 998.5
552 118 1203.0 998.5
564 118 1168.0 998.5
576 118 1135.0 998.5
588 118 1100.0 998.5
600 118 1065.0 998.5
612 118 1030.0 998.5
624 118 995.0 998.5
636 118 960.0 998.5
648 118 925.0 998.5
660 118 892.0 998.5
672 118 849.5 994.0
684 118 809.0 994.0
696 118 769.0 994.0
708 118 728.0 994.0
720 118 688.0 990.0
732 118 647.5 990.0
744 118 607.0 990.0
528 19 733.5 741.0
540 19 719.0 745.5
552 19 703.5 748.0
564 19 688.5 752.0
576 19 673.5 754.0
588 19 659.5 754.0
600 19 644.5 758.0
612 19 629.5 760.0
624 19 615.5 764.0
636 19 600.5 766.0
648 19 585.5 766.0
660 19 570.5 770.0
672 19 556.5 774.0
684 19 543.5 774.0
696 19 528.5 778.5
708 19 515.5 778.5
720 19 500.5 782.5
732 19 486.5 786.5
744 19 473.5 786.5
756 19 458.5 786.5
552 9 1001.5 752.0
564 9 987.0 752.0
576 9 972.0 754.0
588 9 956.5 754.0
600 9 942.0 754.0
612 9 926.0 754.0
624 9 911.5 754.0
636 9 896.0 754.0
648 9 881.0 754.0
660 9 866.0 754.0
672 9 851.5 754.0
684 9 837.0 754.0
696 9 822.0 750.0
708 9 807.5 750.0
720 9 793.0 750.0
732 9 778.0 750.0
744 9 763.0 750.0
756 9 750.0 750.0
768 9 735.5 750.0
780 9 721.0 750.0
720 12 18.0 793.0
732 12 27.0 797.0
744 12 38.0 805.0
756 12 49.0 817.5
768 12 60.0 826.0
780 12 71.0 834.0
792 12 82.0 842.0
804 12 95.0 842.0
816 12 106.0 842.0
828 12 119.0 846.0
840 12 132.0 846.0
852 12 145.0 846.0
864 12 156.0 850.0
876 12 169.0 850.0
888 12 182.0 850.0
900 12 194.5 854.5
912 12 205.5 854.5
924 12 218.5 854.5
936 12 231.0 858.5
948 12 242.5 858.5
768 20 445.5 786.5
780 20 432.5 786.5
792 20 418.5 791.0
804 20 403.5 791.0
816 20 390.5 791.0
828 20 375.5 795.0
840 20 361.5 795.0
852 20 346.5 799.0
864 20 333.5 799.0
876 20 318.5 799.0
888 20 304.5 803.0
900 20 289.5 803.0
912 20 274.5 807.0
924 20 261.5 807.0
936 20 247.5 807.0
948 20 232.5 811.0
960 20 217.5 811.0
972 20 204.5 815.5
984 20 189.5 815.5
996 20 175.5 815.5
792 10 706.0 750.0
804 10 691.5 750.0
816 10 678.5 750.0
828 10 664.0 750.0
840 10 649.0 750.0
852 10 634.5 750.0
864 10 621.5 750.0
876 10 607.0 750.0
888 10 592.0 750.0
900 10 577.0 750.0
912 10 563.0 750.0
924 10 550.0 750.0
936 10 535.0 750.0
948 10 520.0 750.0
960 10 505.5 750.0
972 10 493.0 750.0
984 10 478.0 750.0
996 10 463.0 750.0
1008 10 448.5 752.0
1020 10 434.0 758.0
792 14 12.5 830.0
804 14 25.0 830.0
816 14 36.5 830.0
828 14 49.0 834.0
840 14 60.0 834.0
852 14 73.0 838.0
864 14 84.0 838.0
876 14 97.0 842.0
888 14 108.0 842.0
900 14 121.0 846.0
912 14 134.0 846.0
924 14 145.0 850.0
936 14 158.0 850.0
948 14 169.0 854.5
960 14 181.5 854.5
972 14 193.0 854.5
984 14 205.5 858.5
996 14 216.5 858.5
1008 14 228.5 863.0
1020 14 241.0 865.0
960 13 255.0 858.5
972 13 268.0 863.0
984 13 281.0 863.0
996 13 292.0 863.0
1008 13 307.0 865.0
1020 13 320.0 862.5
1032 13 334.5 858.5
1044 13 347.0 856.5
1056 13 362.0 854.5
1068 13 375.0 852.5
1080 13 390.0 850.5
1092 13 401.0 850.5
1104 13 413.5 850.5
1116 13 426.5 854.5
1128 13 439.0 854.5
1140 13 452.0 858.5
1152 13 465.0 858.5
1164 13 476.0 862.5
1176 13 489.0 862.5
1188 13 502.0 866.5
996 21 546.5 1154.5
1008 21 533.0 1154.5
1020 21 522.0 1154.5
1032 21 513.0 1154.5
1044 21 502.0 1154.5
1056 21 491.0 1154.5
1068 21 476.0 1158.5
1080 21 459.5 1158.5
1092 21 441.0 1158.5
1104 21 424.5 1158.5
1116 21 408.0 1158.5
1128 21 390.0 1158.5
1140 21 373.0 1158.5
1152 21 355.0 1158.5
1164 21 338.0 1158.5
1176 21 320.0 1162.5
1188 21 303.0 1162.5
1200 21 286.5 1162.5
1212 21 268.0 1162.5
1224 21 252.0 1162.5
996 22 490.5 1187.5
1008 22 498.5 1187.5
1020 22 513.0 1187.5
1032 22 525.5 1187.5
1044 22 540.5 1187.5
1056 22 553.5 1187.5
1068 22 568.5 1187.5
1080 22 581.0 1187.5
1092 22 595.5 1183.5
1104 22 606.5 1183.5
1116 22 617.5 1179.5
1128 22 628.5 1179.5
1140 22 647.5 1171.0
1152 22 663.5 1166.5
1164 22 682.5 1158.5
1176 22 697.0 1158.5
1188 22 709.5 1158.5
1200 22 722.5 1158.5
1212 22 735.5 1158.5
1224 22 748.5 1158.5
1032 11 418.5 760.0
1044 11 402.5 766.0
1056 11 387.5 770.5
1068 11 372.0 776.5
1080 11 358.5 782.5
1092 11 343.5 786.5
1104 11 331.0 790.5
1116 11 318.0 794.5
1128 11 305.0 798.5
1140 11 292.0 803.5
1152 11 278.5 807.5
1164 11 265.5 811.5
1176 11 252.5 815.5
1188 11 237.5 819.5
1200 11 223.0 819.5
1212 11 206.5 823.5
1224 11 191.5 823.5
1236 11 177.0 827.5
1248 11 160.5 827.5
1260 11 145.5 827.5
1032 15 253.0 867.0
1044 15 264.5 867.0
1056 15 276.5 869.0
1068 15 288.5 871.0
1080 15 301.5 873.0
1092 15 312.5 873.0
1104 15 325.5 873.0
1116 15 338.5 873.0
1128 15 351.0 873.0
1140 15 363.5 873.0
1152 15 376.5 873.0
1164 15 387.5 873.0
1176 15 400.5 873.0
1188 15 413.5 873.0
1200 15 426.5 873.0
1212 15 439.5 873.0
1224 15 452.5 873.0
1236 15 465.5 873.0
1248 15 478.0 873.0
1260 15 490.5 873.0
1116 99 1032.5 484.5
1128 99 1027.5 492.5
1140 99 1021.5 501.0
1152 99 1016.5 509.5
1164 99 1010.5 521.5
1176 99 1005.5 529.5
1188 99 992.5 533.5
1200 99 977.5 533.5
1212 99 962.5 538.0
1224 99 948.5 538.0
1236 99 933.5 538.0
1248 99 920.5 542.5
1260 99 904.0 542.5
1272 99 887.5 538.0
1284 99 870.5 538.0
1296 99 854.5 533.5
1308 99 839.5 533.5
1320 99 824.5 533.5
1332 99 810.5 533.5
1344 99 797.5 533.5
1236 23 761.5 1158.5
1248 23 776.5 1158.5
1260 23 789.0 1158.5
1272 23 801.5 1158.5
1284 23 814.5 1158.5
1296 23 827.5 1158.5
1308 23 840.5 1158.5
1320 23 853.5 1158.5
1332 23 866.5 1158.5
1344 23 879.5 1158.5
1356 23 892.0 1158.5
1368 23 904.5 1158.5
1380 23 919.5 1162.5
1392 23 932.5 1162.5
1404 23 947.5 1162.5
1416 23 960.5 1162.5
1428 23 974.5 1162.5
1440 23 989.5 1162.5
1452 23 1002.5 1162.5
1464 23 1017.5 1162.5
1272 16 503.5 873.0
1284 16 516.5 873.0
1296 16 529.5 873.0
1308 16 542.5 873.0
1320 16 555.5 873.0
1332 16 568.5 873.0
1344 16 581.0 873.0
1356 16 593.5 873.0
1368 16 606.5 873.0
1380 16 619.5 873.0
1392 16 632.5 873.0
1404 16 645.5 873.0
1416 16 654.5 877.0
1428 16 663.5 881.5
1440 16 674.5 885.5
1452 16 689.5 877.0
1464 16 696.0 873.0
1476 16 709.5 873.0
1488 16 722.5 873.0
1500 16 735.5 877.0
1560 30 578.5 657.5
1572 30 565.5 665.5
1584 30 552.5 673.5
1596 30 539.5 677.5
1608 30 526.5 685.5
1620 30 514.0 694.5
1632 30 501.0 702.5
1644 30 488.0 710.5
1656 30 477.0 710.5
1668 30 467.5 706.5
1680 30 458.5 702.5
1692 30 449.5 698.5
1704 30 440.5 694.5
1716 30 431.0 690.0
1728 30 421.5 685.5
1740 30 414.44 685.49
1752 30 414.2 685.47
1764 30 413.96 685.44
1776 30 413.72 685.41
1788 30 413.48 685.38
1608 86 840.5 881.5
1620 86 851.5 877.0
1632 86 862.5 873.0
1644 86 874.0 868.5
1656 86 885.0 860.5
1668 86 896.0 856.5
1680 86 907.0 852.5
1692 86 918.0 848.5
1704 86 929.0 844.5
1716 86 938.0 836.0
1728 86 949.0 831.5
1740 86 960.0 827.5
1752 86 971.0 823.5
1764 86 982.0 819.5
1776 86 993.0 815.5
1788 86 1006.0 811.5
1800 86 1019.0 811.5
1812 86 1030.0 807.5
1824 86 1043.0 803.0
1836 86 1054.0 803.0
1800 31 413.24 685.36
1812 31 413.0 685.33
1824 31 412.77 685.3
1836 31 412.53 685.27
1848 31 412.29 685.24
1860 31 412.05 685.22
1872 31 411.81 685.19
1884 31 411.57 685.16
1896 31 411.33 685.13
1908 31 411.09 685.11
1920 31 410.85 685.08
1932 31 410.61 685.05
1944 31 410.37 685.02
1956 31 410.13 685.0
1968 31 409.89 684.97
1980 31 409.65 684.94
1992 31 409.42 684.91
2004 31 409.18 684.89
2016 31 408.94 684.86
2028 31 408.7 684.83
1848 87 1067.0 799.0
1860 87 1078.0 794.5
1872 87 1091.0 794.5
1884 87 1102.0 790.5
1896 87 1115.0 786.5
1908 87 1126.0 786.5
1920 87 1137.0 784.5
1932 87 1149.0 780.5
1944 87 1161.0 780.5
1956 87 1173.0 778.5
1968 87 1184.0 776.5
1980 87 1195.0 774.5
1992 87 1208.0 774.5
2004 87 1222.0 774.5
2016 87 1242.0 776.5
2028 87 1260.0 780.5
2040 87 1279.5 782.5
2052 87 1287.63 782.35
2064 87 1287.84 782.1
2076 87 1288.06 781.85
2004 38 168.5 840.5
2016 38 182.5 840.5
2028 38 195.5 835.5
2040 38 209.5 833.5
2052 38 222.0 831.5
2064 38 236.0 829.5
2076 38 251.0 827.5
2088 38 263.5 823.5
2100 38 277.5 821.5
2112 38 290.0 819.5
2124 38 304.0 817.5
2136 38 317.0 813.5
2148 38 331.0 813.5
2160 38 345.0 811.5
2172 38 358.0 811.5
2184 38 373.0 811.5
2196 38 387.0 809.5
2208 38 400.5 809.5
2220 38 414.5 807.5
2232 38 428.5 807.5
2028 26 408.0 1154.5
2040 26 411.5 1167.0
2052 26 415.5 1175.0
2064 26 419.5 1187.5
2076 26 422.5 1200.0
2088 26 426.5 1208.0
2100 26 430.5 1220.5
2112 26 433.5 1232.5
2124 26 437.5 1241.0
2136 26 441.5 1253.0
2148 26 444.5 1265.5
2160 26 448.5 1274.0
2172 26 450.5 1278.0
2184 26 450.5 1278.0
2196 26 450.5 1278.0
2208 26 450.5 1278.0
2220 26 450.5 1278.0
2232 26 450.5 1278.0
2244 26 450.5 1278.0
2256 26 450.5 1278.0
2040 24 22.5 1138.0
2052 24 37.5 1138.0
2064 24 53.5 1138.0
2076 24 70.5 1138.0
2088 24 85.0 1142.0
2100 24 101.5 1142.0
2112 24 116.5 1142.0
2124 24 133.0 1146.0
2136 24 147.5 1146.0
2148 24 164.5 1146.0
2160 24 180.5 1146.0
2172 24 193.5 1150.5
2184 24 206.5 1154.5
2196 24 219.5 1154.5
2208 24 232.5 1159.0
2220 24 245.5 1163.0
2232 24 258.0 1167.0
2244 24 271.0 1167.0
2256 24 284.0 1171.0
2268 24 295.0 1175.0
2040 32 408.46 684.8
2052 32 408.22 684.78
2064 32 407.98 684.75
2076 32 407.74 684.72
2088 32 407.5 684.69
2100 32 407.26 684.66
2112 32 407.02 684.64
2124 32 406.78 684.61
2136 32 406.54 684.58
2148 32 406.31 684.55
2160 32 406.07 684.53
2172 32 405.83 684.5
2184 32 405.59 684.47
2196 32 405.35 684.44
2208 32 405.11 684.42
2220 32 404.87 684.39
2232 32 404.63 684.36
2244 32 404.39 684.33
2256 32 404.15 684.31
2268 32 403.91 684.28
2088 88 1288.28 781.6
2100 88 1288.5 781.35
2112 88 1288.72 781.09
2124 88 1288.93 780.84
2136 88 1289.15 780.59
2148 88 1289.37 780.34
2160 88 1289.59 780.09
2172 88 1289.8 779.84
2184 88 1290.02 779.58
2196 88 1290.24 779.33
2208 88 1290.46 779.08
2220 88 1290.67 778.83
2232 88 1290.89 778.58
2244 88 1291.11 778.33
2256 88 1291.33 778.07
2268 88 1291.55 777.82
2280 88 1291.76 777.57
2292 88 1291.98 777.32
2304 88 1292.2 777.07
2316 88 1292.42 776.82
2244 39 442.5 807.5
2256 39 455.5 805.0
2268 39 470.5 805.0
2280 39 484.5 805.0
2292 39 498.0 801.0
2304 39 513.0 801.0
2316 39 527.5 797.0
2328 39 542.5 797.0
2340 39 555.5 792.5
2352 39 570.0 792.5
2364 39 584.5 788.5
2376 39 599.5 788.5
2388 39 612.5 784.5
2400 39 625.0 780.5
2412 39 638.0 776.5
2424 39 651.0 776.5
2436 39 664.0 772.5
2448 39 676.5 768.0
2460 39 689.5 764.0
2472 39 704.5 764.0
2268 27 450.5 1278.0
2280 27 450.5 1278.0
2292 27 450.5 1278.0
2304 27 450.5 1278.0
2316 27 450.5 1278.0
2328 27 450.5 1278.0
2340 27 450.5 1278.0
2352 27 450.5 1278.0
2364 27 450.5 1278.0
2376 27 450.5 1278.0
2388 27 450.5 1278.0
2400 27 450.5 1278.0
2412 27 450.5 1278.0
2424 27 450.5 1278.0
2436 27 450.5 1278.0
2448 27 450.5 1278.0
2460 27 450.5 1278.0
2472 27 450.5 1278.0
2484 27 450.5 1278.0
2496 27 450.5 1278.0
2280 25 307.5 1179.0
2292 25 320.5 1179.0
2304 25 339.0 1179.0
2316 25 357.5 1175.0
2328 25 377.5 1171.0
2340 25 396.0 1171.0
2352 25 416.5 1167.0
2364 25 434.5 1163.0
2376 25 453.0 1159.0
2388 25 466.0 1159.0
2400 25 480.5 1159.0
2412 25 493.5 1154.5
2424 25 506.5 1154.5
2436 25 521.5 1150.5
2448 25 534.0 1150.5
2460 25 549.0 1150.5
2472 25 565.5 1150.5
2484 25 582.0 1154.5
2496 25 600.5 1159.0
2508 25 617.0 1159.0
2280 33 403.67 684.25
2292 33 403.43 684.22
2304 33 403.19 684.2
2316 33 402.96 684.17
2328 33 402.72 684.14
2340 33 402.48 684.11
2352 33 402.24 684.09
2364 33 402.0 684.06
2376 33 401.76 684.03
2388 33 401.52 684.0
2400 33 410.5 684.0
2412 33 422.0 692.0
2424 33 433.0 696.0
2436 33 442.0 700.0
2448 33 453.0 704.5
2460 33 464.0 708.5
2472 33 477.0 712.5
2484 33 493.5 717.0
2496 33 510.5 725.0
2508 33 525.0 729.0
2328 89 1292.63 776.56
2340 89 1292.85 776.31
2352 89 1293.07 776.06
2364 89 1293.29 775.81
2376 89 1293.5 775.56
2388 89 1293.72 775.31
2400 89 1293.94 775.05
2412 89 1294.16 774.8
2424 89 1294.38 774.55
2436 89 1294.59 774.3
2448 89 1294.81 774.05
2460 89 1295.03 773.8
2472 89 1295.25 773.54
2484 89 1295.46 773.29
2496 89 1295.68 773.04
2508 89 1295.9 772.79
2520 89 1296.12 772.54
2532 89 1296.33 772.29
2544 89 1296.55 772.03
2556 89 1296.77 771.78
2484 40 717.0 764.0
2496 40 732.0 764.0
2508 40 746.5 764.0
2520 40 760.5 766.0
2532 40 775.5 766.0
2544 40 789.0 768.0
2556 40 803.5 768.0
2568 40 816.5 770.0
2580 40 831.5 772.0
2592 40 845.5 772.0
2604 40 859.5 774.0
2616 40 873.5 776.0
2628 40 886.5 776.0
2640 40 899.5 776.0
2652 40 912.5 776.0
2664 40 927.0 776.0
2676 40 939.5 776.0
2688 40 952.5 776.0
2700 40 965.5 776.0
2712 40 978.5 776.0
2496 36 422.5 1137.5
2508 36 410.5 1105.0
2520 36 405.5 1080.5
2532 36 401.5 1060.0
2544 36 396.5 1035.5
2556 36 392.5 1015.0
2568 36 386.5 990.0
2580 36 383.5 969.5
2592 36 377.5 945.0
2604 36 366.5 932.5
2616 36 353.5 920.0
2628 36 342.5 904.0
2640 36 331.5 891.5
2652 36 318.5 879.0
2664 36 307.5 862.5
2676 36 296.5 850.5
2688 36 283.5 838.0
2700 36 274.5 821.5
2712 36 267.5 801.0
2724 36 259.5 784.5
2520 34 539.5 731.0
2532 34 555.5 735.0
2544 34 570.0 735.5
2556 34 585.5 739.5
2568 34 604.0 739.5
2580 34 620.5 743.5
2592 34 637.5 747.5
2604 34 655.5 747.5
2616 34 672.0 751.5
2628 34 688.5 751.5
2640 34 703.5 747.5
2652 34 720.0 747.5
2664 34 736.5 743.5
2676 34 751.5 739.5
2688 34 766.0 735.5
2700 34 771.5 727.0
2712 34 775.5 718.5
2724 34 780.5 710.5
2736 34 786.5 702.5
2748 34 791.5 694.5
2568 90 1296.99 771.53
2580 90 1297.21 771.28
2592 90 1297.42 771.03
2604 90 1297.64 770.77
2616 90 1297.86 770.52
2628 90 1298.08 770.27
2640 90 1298.29 770.02
2652 90 1298.51 769.77
2664 90 1298.73 769.52
2676 90 1298.95 769.26
2688 90 1299.16 769.01
2700 90 1299.38 768.76
2712 90 1299.6 768.51
2724 90 1299.82 768.26
2736 90 1300.04 768.01
2748 90 1300.25 767.75
2760 90 1300.47 767.5
2772 90 1300.69 767.25
2784 90 1300.91 767.0
2796 90 1301.12 766.75
2724 41 991.5 776.0
2736 41 1004.5 776.0
2748 41 1017.5 776.0
2760 41 1031.5 776.0
2772 41 1044.5 776.0
2784 41 1057.5 776.0
2796 41 1070.5 776.0
2808 41 1085.5 776.0
2820 41 1098.5 776.0
2832 41 1111.0 776.0
2844 41 1125.5 776.0
2856 41 1138.5 776.0
2868 41 1151.5 776.0
2880 41 1166.5 776.0
2892 41 1179.5 776.0
2904 41 1192.0 776.0
2916 41 1206.5 776.0
2928 41 1219.5 780.0
2940 41 1232.5 780.0
2952 41 1244.5 780.0
2736 37 254.5 764.0
2748 37 247.5 747.5
2760 37 239.5 727.0
2772 37 232.5 706.5
2784 37 221.5 669.5
2796 37 217.5 657.0
2808 37 217.5 657.0
2820 37 217.5 657.0
2832 37 217.5 657.0
2844 37 217.5 657.0
2856 37 217.5 657.0
2868 37 217.5 657.0
2880 37 217.5 657.0
2892 37 217.5 657.0
2904 37 217.5 657.0
2916 37 217.5 657.0
2928 37 217.5 657.0
2940 37 217.5 657.0
2952 37 217.5 657.0
2964 37 217.5 657.0
2760 35 797.5 690.0
2772 35 797.5 690.0
2784 35 797.5 690.0
2796 35 797.5 690.0
2808 35 797.5 690.0
2820 35 797.5 690.0
2832 35 797.5 690.0
2844 35 797.5 690.0
2856 35 797.5 690.0
2868 35 797.5 690.0
2880 35 797.5 690.0
2892 35 797.5 690.0
2904 35 797.5 690.0
2916 35 797.5 690.0
2928 35 797.5 690.0
2940 35 797.5 690.0
2952 35 797.5 690.0
2964 35 797.5 690.0
2976 35 797.5 690.0
2988 35 797.5 690.0
2772 42 1092.5 1296.5
2784 42 1086.5 1300.5
2796 42 1086.5 1308.5
2808 42 1086.5 1321.0
2820 42 1084.5 1329.5
2832 42 1084.5 1337.5
2844 42 1084.5 1345.5
2856 42 1084.5 1358.0
2868 42 1082.5 1366.0
2880 42 1082.5 1374.5
2892 42 1082.5 1382.5
2904 42 1082.5 1395.0
2916 42 1080.5 1403.0
2928 42 1080.5 1411.5
2940 42 1080.5 1419.5
2952 42 1078.5 1428.0
2964 42 1078.5 1440.0
2976 42 1078.5 1448.5
2988 42 1078.5 1456.5
3000 42 1077.0 1465.0
2808 91 1301.34 766.5
2820 91 1301.56 766.24
2832 91 1301.78 765.99
2844 91 1301.99 765.74
2856 91 1302.21 765.49
2868 91 1302.43 765.24
2880 91 1302.65 764.99
2892 91 1302.87 764.73
2904 91 1303.08 764.48
2916 91 1303.3 764.23
2928 91 1301.5 760.0
2940 91 1286.5 760.0
2952 91 1273.5 760.0
2964 91 1259.5 760.0
2976 91 1244.5 760.0
2988 91 1231.5 760.0
3000 91 1218.5 755.5
3012 91 1205.5 755.5
3024 91 1192.5 755.5
3036 91 1181.5 755.5
3048 92 1169.0 755.5
3060 92 1157.0 758.0
3072 92 1145.5 758.0
3084 92 1132.5 758.0
3096 92 1121.5 758.0
3108 92 1108.5 760.0
3120 92 1096.5 760.0
3132 92 1084.5 760.0
3144 92 1072.5 760.0
3156 92 1059.5 762.0
3168 92 1047.5 762.0
3180 92 1035.5 762.0
3192 92 1023.5 762.0
3204 92 1011.5 764.0
3216 92 998.5 764.0
3228 92 987.5 764.0
3240 92 974.5 764.0
3252 92 962.0 762.0
3264 92 949.5 762.0
3276 92 936.5 762.0
3108 96 1290.5 778.5
3120 96 1277.5 778.5
3132 96 1262.5 778.5
3144 96 1249.5 778.5
3156 96 1235.5 778.5
3168 96 1222.5 778.5
3180 96 1209.5 778.5
3192 96 1194.5 778.5
3204 96 1181.5 778.5
3216 96 1167.5 778.5
3228 96 1154.5 778.5
3240 96 1141.5 778.5
3252 96 1126.5 778.5
3264 96 1113.5 778.5
3276 96 1100.5 778.5
3288 96 1086.5 778.5
3300 96 1073.5 778.5
3312 96 1058.5 774.0
3324 96 1045.5 774.0
3336 96 1032.5 770.0
3168 100 26.0 819.5
3180 100 37.0 819.5
3192 100 50.0 819.5
3204 100 63.0 819.5
3216 100 74.0 823.5
3228 100 87.0 823.5
3240 100 100.0 823.5
3252 100 113.0 827.5
3264 100 125.5 827.5
3276 100 138.5 827.5
3288 100 151.0 827.5
3300 100 162.5 832.0
3312 100 175.0 832.0
3324 100 188.0 832.0
3336 100 201.0 836.0
3348 100 214.0 836.0
3360 100 227.0 836.0
3372 100 239.5 840.0
3384 100 251.0 840.0
3396 100 263.5 840.0
3288 93 923.5 762.0
3300 93 908.5 758.0
3312 93 895.5 758.0
3324 93 882.5 758.0
3336 93 868.5 754.0
3348 93 855.5 754.0
3360 93 842.5 754.0
3372 93 829.5 754.0
3384 93 814.5 750.0
3396 93 801.5 750.0
3408 93 789.0 750.0
3420 93 776.5 745.5
3432 93 761.5 745.5
3444 93 748.5 745.5
3456 93 735.5 745.5
3468 93 724.5 745.5
3480 93 713.5 750.0
3492 93 702.5 750.0
3504 93 691.5 754.0
3516 93 680.5 754.0
3348 97 1018.5 770.0
3360 97 1005.5 770.0
3372 97 992.5 766.0
3384 97 977.5 766.0
3396 97 964.5 762.0
3408 97 951.5 762.0
3420 97 937.5 758.0
3432 97 924.5 758.0
3444 97 911.5 758.0
3456 97 896.5 754.0
3468 97 883.5 754.0
3480 97 870.5 749.5
3492 97 856.5 749.5
3504 97 843.5 749.5
3516 97 829.5 749.5
3528 97 815.5 749.5
3540 97 801.5 749.5
3552 97 788.5 749.5
3564 97 774.5 749.5
3576 97 760.5 749.5
3408 101 276.5 840.0
3420 101 289.5 844.0
3432 101 302.0 844.0
3444 101 315.0 844.0
3456 101 328.0 844.0
3468 101 341.0 844.0
3480 101 354.0 844.0
3492 101 366.5 844.0
3504 101 379.5 844.0
3516 101 392.5 844.0
3528 101 406.0 846.0
3540 101 419.0 846.0
3552 101 433.0 848.0
3564 101 445.5 850.0
3576 101 458.5 850.0
3588 101 472.5 852.0
3600 101 485.5 852.0
3612 101 498.5 854.0
3624 101 512.5 856.5
3636 101 524.5 856.5
3528 94 668.5 758.0
3540 94 656.5 760.0
3552 94 644.5 764.0
3564 94 633.5 764.0
3576 94 620.5 766.0
3588 94 609.5 770.0
3600 94 596.5 772.0
3612 94 585.5 774.0
3624 94 573.5 776.0
3636 94 561.5 780.5
3648 94 549.5 782.5
3660 94 538.5 784.5
3672 94 525.5 786.5
3684 94 514.5 791.0
3696 94 502.5 791.0
3708 94 490.0 795.0
3720 94 479.0 797.0
3732 94 466.0 801.0
3744 94 455.0 801.0
3756 94 442.0 801.0
3588 98 746.5 749.5
3600 98 733.0 752.0
3612 98 718.0 752.0
3624 98 705.5 752.0
3636 98 691.5 752.0
3648 98 677.5 754.0
3660 98 664.0 754.0
3672 98 649.0 754.0
3684 98 636.0 754.0
3696 98 622.5 756.0
3708 98 608.5 756.0
3720 98 595.0 756.0
3732 98 580.0 756.0
3744 98 567.0 756.0
3756 98 552.5 756.0
3768 98 539.0 756.0
3780 98 526.0 756.0
3792 98 511.0 756.0
3804 98 500.0 756.0
3816 98 487.0 756.0
3624 64 1281.5 749.5
3636 64 1268.5 749.5
3648 64 1255.5 749.5
3660 64 1244.5 749.5
3672 64 1231.5 749.5
3684 64 1218.5 749.5
3696 64 1207.5 749.5
3708 64 1194.5 749.5
3720 64 1181.5 749.5
3732 64 1169.0 745.5
3744 64 1157.5 745.5
3756 64 1145.5 745.5
3768 64 1132.5 745.5
3780 64 1119.5 745.5
3792 64 1108.5 745.5
3804 64 1095.5 745.5
3816 64 1082.5 745.5
3828 64 1069.5 741.5
3840 64 1056.5 741.5
3852 64 1043.5 741.5
3648 102 539.5 858.5
3660 102 552.5 858.5
3672 102 565.5 858.5
3684 102 578.5 863.0
3696 102 593.0 863.0
3708 102 605.5 867.0
3720 102 618.5 867.0
3732 102 633.5 867.0
3744 102 646.5 871.0
3756 102 659.5 871.0
3768 102 672.5 871.0
3780 102 686.5 875.0
3792 102 699.5 875.0
3804 102 712.5 875.0
3816 102 725.5 875.0
3828 102 738.5 875.0
3840 102 751.5 875.0
3852 102 764.5 875.0
3864 102 777.5 875.0
3876 102 791.5 879.0
3768 95 431.0 801.0
3780 95 418.0 801.0
3792 95 405.5 801.0
3804 95 394.5 801.0
3816 95 381.5 801.0
3828 95 370.5 801.0
3840 95 357.5 805.0
3852 95 344.5 805.0
3864 95 333.5 805.0
3876 95 320.5 805.0
3888 95 309.5 805.0
3900 95 296.5 805.0
3912 95 284.0 805.0
3924 95 272.5 805.0
3936 95 260.0 805.0
3948 95 249.0 805.0
3960 95 236.0 809.0
3972 95 225.0 809.0
3984 95 214.0 809.0
3996 95 203.0 809.0
3864 65 1030.5 741.5
3876 65 1018.5 741.5
3888 65 1003.5 737.0
3900 65 990.5 737.0
3912 65 977.5 737.0
3924 65 964.5 737.0
3936 65 951.5 737.0
3948 65 938.5 733.0
3960 65 924.5 733.0
3972 65 911.5 733.0
3984 65 898.5 733.0
3996 65 885.5 733.0
4008 65 874.5 731.0
4020 65 863.5 731.0
4032 65 852.5 729.0
4044 65 841.5 725.0
4056 65 830.5 716.5
4068 65 817.5 716.5
4080 65 802.5 716.5
4092 65 786.5 721.0
3888 103 802.5 875.0
3900 103 813.5 871.0
3912 103 826.5 867.0
3924 103 837.5 863.0
3936 103 850.5 858.5
3948 103 861.5 854.5
3960 103 874.5 850.0
3972 103 887.5 846.0
3984 103 900.5 846.0
3996 103 913.5 846.0
4008 103 926.5 842.0
4020 103 937.5 838.0
4032 103 949.5 836.0
4044 103 961.5 830.0
4056 103 973.0 826.0
4068 103 984.0 822.0
4080 103 998.5 817.0
4092 103 1011.5 813.0
4104 103 1024.5 809.0
4116 103 1037.5 809.0
4104 66 771.5 721.0
4116 66 756.5 721.0
4128 66 749.5 716.5
4140 66 732.5 704.5
4152 66 712.5 684.0
4164 66 705.5 700.5
4176 66 697.5 721.0
4188 66 685.0 729.0
4200 66 672.5 737.5
4212 66 659.5 741.5
4224 66 648.5 737.5
4236 66 637.5 737.5
4248 66 624.5 745.5
4260 66 611.5 749.5
4272 66 600.5 753.5
4284 66 587.5 762.0
4296 66 576.5 766.0
4308 66 565.5 770.0
4320 66 554.5 774.5
4332 66 539.5 778.5
4116 69 1294.5 752.0
4128 69 1277.5 743.5
4140 69 1261.0 739.0
4152 69 1244.5 739.0
4164 69 1224.5 735.0
4176 69 1202.5 731.0
4188 69 1187.5 727.0
4200 69 1172.5 723.0
4212 69 1157.5 719.0
4224 69 1134.5 719.0
4236 69 1113.5 723.0
4248 69 1100.5 727.0
4260 69 1086.5 727.0
4272 69 1067.5 731.0
4284 69 1049.5 731.0
4296 69 1029.5 731.0
4308 69 1008.5 731.0
4320 69 988.5 731.0
4332 69 970.5 735.0
4344 69 953.5 739.0
4128 104 1046.5 809.0
4140 104 1057.5 801.0
4152 104 1072.5 793.0
4164 104 1083.5 793.0
4176 104 1094.5 793.0
4188 104 1109.5 789.0
4200 104 1122.5 780.0
4212 104 1135.0 776.0
4224 104 1147.5 772.0
4236 104 1157.0 772.0
4248 104 1155.5 780.0
4260 104 1153.5 789.0
4272 104 1193.5 764.0
4284 104 1206.5 764.0
4296 104 1219.5 764.0
4308 104 1232.5 764.0
4320 104 1247.5 764.0
4332 104 1256.5 760.0
4344 104 1267.5 760.0
4356 104 1282.5 764.0
4344 67 524.5 786.5
4356 67 510.5 786.5
4368 67 497.5 786.5
4380 67 482.5 790.5
4392 67 469.5 790.5
4404 67 454.5 795.0
4416 67 442.5 799.0
4428 67 427.5 803.0
4440 67 414.5 807.0
4452 67 399.5 807.0
4464 67 386.5 811.5
4476 67 372.5 815.5
4488 67 359.5 819.5
4500 67 346.5 823.5
4512 67 334.5 836.0
4524 67 322.5 842.5
4536 67 309.5 842.5
4548 67 297.0 842.5
4560 67 284.0 842.5
4572 67 271.0 842.5
4356 70 937.5 735.0
4368 70 920.5 731.0
4380 70 902.5 731.0
4392 70 883.5 731.0
4404 70 863.5 731.0
4416 70 845.5 731.0
4428 70 826.5 731.0
4440 70 808.5 731.0
4452 70 788.5 735.0
4464 70 769.5 735.0
4476 70 751.5 735.0
4488 70 732.5 735.0
4500 70 714.5 739.0
4512 70 696.5 741.0
4524 70 678.5 745.5
4536 70 662.0 750.0
4548 70 644.5 754.0
4560 70 627.0 756.0
4572 70 609.5 760.0
4584 70 592.0 764.0
4440 105 1293.0 741.5
4452 105 1278.5 737.0
4464 105 1265.5 737.0
4476 105 1252.5 733.0
4488 105 1238.0 729.0
4500 105 1225.0 725.0
4512 105 1208.5 729.0
4524 105 1193.0 735.5
4536 105 1178.0 735.5
4548 105 1163.5 735.5
4560 105 1150.5 735.5
4572 105 1136.0 735.5
4584 105 1121.0 735.5
4596 105 1106.5 735.5
4608 105 1092.0 735.5
4620 105 1079.0 735.5
4632 105 1064.0 735.5
4644 105 1049.5 735.5
4656 105 1034.5 735.5
4668 105 1022.0 735.5
4584 68 258.0 842.5
4596 68 247.0 842.5
4608 68 234.0 842.5
4620 68 221.0 842.5
4632 68 208.5 842.5
4644 68 195.5 842.5
4656 68 182.5 842.5
4668 68 170.0 838.0
4680 68 159.0 838.0
4692 68 146.5 838.0
4704 68 134.5 835.5
4716 68 123.5 835.5
4728 68 111.5 833.5
4740 68 100.5 833.5
4752 68 88.5 831.5
4764 68 77.5 831.5
4776 68 65.5 829.5
4788 68 53.5 827.5
4800 68 42.5 827.5
4812 68 31.0 827.5
4596 71 575.5 770.0
4608 71 557.0 772.0
4620 71 540.5 776.0
4632 71 523.0 780.5
4644 71 505.5 784.5
4656 71 489.0 786.5
4668 71 470.5 791.0
4680 71 452.0 791.0
4692 71 434.0 791.0
4704 71 417.0 795.0
4716 71 399.0 795.0
4728 71 380.5 799.0
4740 71 362.0 799.0
4752 71 344.0 799.0
4764 71 325.0 803.0
4776 71 309.0 803.0
4788 71 290.0 803.0
4800 71 272.0 807.0
4812 71 253.5 807.0
4824 71 235.0 807.0
4680 106 1009.0 735.5
4692 106 994.0 735.5
4704 106 981.0 735.5
4716 106 968.5 735.5
4728 106 955.5 735.5
4740 106 942.5 735.5
4752 106 928.0 735.5
4764 106 915.0 735.5
4776 106 902.0 735.5
4788 106 891.0 731.0
4800 106 878.0 727.0
4812 106 865.5 727.0
4824 106 843.0 731.0
4836 106 827.0 735.5
4848 106 815.5 735.5
4860 106 804.5 735.5
4872 106 793.5 735.5
4884 106 782.5 735.5
4896 106 769.5 731.0
4908 106 755.0 731.0
4920 107 740.0 731.0
4932 107 725.5 731.0
4944 107 711.0 731.0
4956 107 696.0 731.0
4968 107 681.5 731.0
4980 107 666.5 731.0
4992 107 652.0 731.0
5004 107 639.0 731.0
5016 107 628.0 735.5
5028 107 615.0 741.5
5040 107 604.0 747.5
5052 107 591.0 751.5
5064 107 579.0 757.5
5076 107 567.0 762.0
5088 107 555.5 766.0
5100 107 544.5 774.5
5112 107 529.5 774.5
5124 107 515.0 774.5
5136 107 500.0 778.5
5148 107 487.0 778.5
5160 108 472.5 782.5
5172 108 457.5 782.5
5184 108 445.0 786.5
5196 108 430.0 786.5
5208 108 415.5 790.5
5220 108 400.5 790.5
5232 108 386.0 794.5
5244 108 371.5 794.5
5256 108 356.5 799.0
5268 108 342.0 803.0
5280 108 327.0 803.0
5292 108 312.5 807.5
5304 108 297.5 807.5
5316 108 283.0 807.5
5328 108 266.5 807.5
5340 108 251.5 807.5
5352 108 237.0 807.5
5364 108 222.0 807.5
5376 108 205.5 807.5
5388 108 192.5 807.5
6012 112 21.5 1177.5
6024 112 40.0 1177.5
6036 112 58.5 1177.5
6048 112 77.0 1177.5
6060 112 95.0 1177.5
6072 112 113.5 1173.5
6084 112 132.0 1173.5
6096 112 150.5 1173.5
6108 112 169.0 1173.5
6120 112 187.0 1173.5
6132 112 204.0 1173.5
6144 112 222.0 1173.5
6156 112 240.5 1173.5
6168 112 259.0 1173.5
6180 112 277.5 1173.5
6192 112 296.0 1173.5
6204 112 314.0 1173.5
6216 112 332.5 1173.5
6228 112 351.0 1173.5
6240 112 369.5 1173.5
6252 113 388.0 1173.5
6264 113 406.0 1173.5
6276 113 424.5 1173.5
6288 113 443.0 1173.5
6300 113 461.5 1173.5
6312 113 480.0 1173.5
6324 113 498.0 1173.5
6336 113 513.0 1173.5
6348 113 527.5 1173.5
6360 113 540.5 1173.5
6372 113 553.5 1173.5
6384 113 568.0 1173.5
6396 113 581.0 1173.5
6408 113 596.0 1173.5
6420 113 608.5 1168.5
6432 113 623.5 1168.5
6444 113 636.0 1168.5
6456 113 649.0 1168.5
6468 113 664.0 1168.5
6480 113 677.0 1168.5
6288 55 394.0 685.5
6300 55 400.0 690.0
6312 55 405.0 694.5
6324 55 412.5 702.5
6336 55 420.0 710.5
6348 55 425.5 714.5
6360 55 433.0 722.5
6372 55 440.0 727.0
6384 55 447.5 735.5
6396 55 453.0 743.5
6408 55 460.5 747.5
6420 55 468.0 755.5
6432 55 473.5 759.5
6444 55 481.0 768.5
6456 55 488.0 776.5
6468 55 495.5 780.5
6480 55 501.0 788.5
6492 55 508.5 792.5
6504 55 516.0 801.0
6516 55 525.0 807.5
6528 56 535.0 813.5
6540 56 544.5 819.5
6552 56 553.5 823.5
6564 56 562.5 831.5
6576 56 572.0 836.0
6588 56 581.0 842.0
6600 56 591.5 848.5
6612 56 600.5 854.5
6624 56 609.5 858.5
6636 56 618.5 866.5
6648 56 628.0 871.0
6660 56 638.5 879.0
6672 56 645.5 871.0
6684 56 652.5 866.5
6696 56 660.5 862.5
6708 56 667.5 858.5
6720 56 674.5 854.5
6732 56 682.5 846.5
6744 56 682.5 842.0
6756 56 682.5 838.0
6768 57 682.5 834.0
6780 57 684.5 829.5
6792 57 684.5 825.5
6804 57 684.5 821.5
6816 57 684.5 817.5
6828 57 685.5 809.5
6840 57 685.5 805.0
6852 57 685.5 801.0
6864 57 685.5 797.0
6876 57 684.5 792.5
6888 57 680.5 788.5
6900 57 674.5 780.5
6912 57 669.5 776.5
6924 57 665.5 772.5
6936 57 660.5 764.0
6948 57 656.5 760.0
6960 57 651.0 755.5
6972 57 645.5 747.5
6984 57 641.5 743.5
6996 57 632.5 743.5
7008 58 621.5 737.5
7020 58 612.5 735.0
7032 58 603.5 731.0
7044 58 594.0 729.0
7056 58 584.0 723.0
7068 58 574.5 719.0
7080 58 565.0 717.0
7092 58 554.0 710.5
7104 58 543.0 706.5
7116 58 532.0 698.0
7128 58 523.0 698.0
7140 58 512.0 698.0
7152 58 506.5 698.0
7164 58 501.0 698.0
7176 58 495.0 698.0
7188 58 490.0 698.0
7200 58 486.0 694.0
7212 58 484.0 694.0
7224 58 483.0 694.0
7236 58 479.0 694.0
7116 43 1293.5 757.5
7128 43 1275.0 749.5
7140 43 1258.0 745.5
7152 43 1241.5 745.5
7164 43 1225.0 745.5
7176 43 1208.5 745.5
7188 43 1190.0 745.5
7200 43 1173.5 745.5
7212 43 1157.0 745.5
7224 43 1140.5 745.5
7236 43 1124.0 745.5
7248 43 1107.5 745.5
7260 43 1091.0 745.5
7272 43 1072.5 745.5
7284 43 1056.0 745.5
7296 43 1039.0 745.5
7308 43 1024.5 745.5
7320 43 1008.0 745.5
7332 43 991.5 745.5
7344 43 975.0 745.5
7212 47 1287.5 969.5
7224 47 1273.0 969.5
7236 47 1258.0 965.5
7248 47 1245.5 965.5
7260 47 1230.5 965.5
7272 47 1218.0 965.5
7284 47 1203.0 965.5
7296 47 1190.0 965.5
7308 47 1179.0 965.5
7320 47 1170.0 965.5
7332 47 1160.5 965.5
7344 47 1153.5 965.5
7356 47 1146.0 969.5
7368 47 1142.5 973.5
7380 47 1140.5 973.5
7392 47 1137.0 977.5
7404 47 1137.0 982.0
7416 47 1137.0 982.0
7428 47 1137.0 982.0
7440 47 1137.0 982.0
7248 59 477.0 694.0
7260 59 475.0 694.0
7272 59 468.0 690.0
7284 59 459.0 690.0
7296 59 451.0 690.0
7308 59 442.0 690.0
7320 59 433.0 690.0
7332 59 426.0 690.0
7344 59 418.0 690.0
7356 59 411.0 690.0
7368 59 403.0 690.0
7380 59 396.0 686.0
7392 59 387.0 686.0
7404 59 380.0 682.0
7416 59 372.0 682.0
7428 59 363.0 686.0
7440 59 354.0 686.0
7452 59 345.0 690.0
7464 59 335.0 694.0
7476 59 324.0 694.0
7272 72 1016.5 1037.5
7284 72 999.5 1025.0
7296 72 985.0 1017.0
7308 72 968.5 1004.5
7320 72 953.5 996.5
7332 72 939.0 988.0
7344 72 922.5 975.5
7356 72 909.5 963.5
7368 72 896.5 955.0
7380 72 883.5 943.0
7392 72 871.0 930.5
7404 72 856.0 922.5
7416 72 839.5 918.0
7428 72 821.5 914.0
7440 72 804.5 910.0
7452 72 786.5 906.0
7464 72 769.5 901.5
7476 72 751.5 897.5
7488 72 734.5 893.5
7500 72 718.0 889.5
7344 52 1067.0 1138.0
7356 52 1054.0 1134.0
7368 52 1039.5 1134.0
7380 52 1017.0 1134.0
7392 52 997.0 1138.0
7404 52 976.5 1138.0
7416 52 960.0 1134.0
7428 52 941.5 1130.0
7440 52 923.5 1126.0
7452 52 906.5 1117.5
7464 52 892.0 1109.5
7476 52 875.5 1105.0
7488 52 862.5 1097.0
7500 52 851.5 1093.0
7512 52 836.0 1080.5
7524 52 821.5 1072.5
7536 52 806.5 1062.0
7548 52 791.5 1052.0
7560 52 776.0 1043.5
7572 52 762.5 1033.0
7356 44 958.5 745.5
7368 44 940.0 741.5
7380 44 921.5 741.5
7392 44 903.0 737.5
7404 44 884.5 737.5
7416 44 864.5 741.5
7428 44 846.0 753.5
7440 44 831.5 749.5
7452 44 816.5 745.5
7464 44 800.0 737.5
7476 44 783.5 733.0
7488 44 763.0 733.0
7500 44 745.0 733.0
7512 44 728.0 735.0
7524 44 711.5 737.0
7536 44 695.0 739.0
7548 44 680.5 741.0
7560 44 662.0 741.0
7572 44 643.5 745.5
7584 44 626.0 750.0
7452 48 1137.0 982.0
7464 48 1137.0 982.0
7476 48 1137.0 982.0
7488 48 1137.0 982.0
7500 48 1137.0 982.0
7512 48 1137.0 979.5
7524 48 1138.0 979.5
7536 48 1139.5 979.5
7548 48 1140.5 979.5
7560 48 1141.0 981.5
7572 48 1143.0 981.5
7584 48 1144.0 979.5
7596 48 1144.0 979.5
7608 48 1146.0 981.5
7620 48 1147.0 981.5
7632 48 1148.0 981.5
7644 48 1149.5 981.5
7656 48 1150.5 984.0
7668 48 1151.5 982.0
7680 48 1152.5 982.0
7488 60 313.0 698.0
7500 60 302.0 702.5
7512 60 290.0 700.0
7524 60 280.0 698.0
7536 60 269.0 698.0
7548 60 259.0 696.0
7560 60 248.0 694.0
7572 60 237.5 694.0
7584 60 227.0 692.0
7596 60 216.0 694.0
7608 60 206.5 694.0
7620 60 195.5 690.0
7632 60 190.0 686.0
7644 60 184.5 686.0
7656 60 177.0 686.0
7668 60 170.0 686.0
7680 60 162.5 686.0
7692 60 153.0 690.0
7704 60 146.0 690.0
7716 60 138.5 690.0
7500 28 781.0 1090.5
7512 28 766.0 1074.5
7524 28 751.0 1062.0
7536 28 738.5 1045.5
7548 28 723.5 1033.5
7560 28 709.0 1016.5
7572 28 696.0 1004.5
7584 28 681.0 992.5
7596 28 666.5 975.5
7608 28 654.0 963.5
7620 28 639.0 947.0
7632 28 624.0 938.5
7644 28 609.5 926.5
7656 28 597.0 918.5
7668 28 582.0 905.5
7680 28 567.0 893.5
7692 28 552.5 885.5
7704 28 536.0 881.5
7716 28 519.5 877.0
7728 28 503.0 873.0
7512 73 697.0 881.0
7524 73 677.5 875.0
7536 73 658.0 866.5
7548 73 642.0 864.5
7560 73 631.0 864.5
7572 73 616.0 864.5
7584 73 601.0 860.5
7596 73 581.0 852.5
7608 73 566.0 848.5
7620 73 552.0 848.5
7632 73 533.0 836.0
7644 73 517.0 836.0
7656 73 498.0 836.0
7668 73 482.0 831.5
7680 73 465.0 831.5
7692 73 448.5 827.5
7704 73 430.0 827.5
7716 73 413.5 827.5
7728 73 395.0 827.5
7740 73 377.0 827.5
7584 53 746.5 1023.0
7596 53 732.0 1013.0
7608 53 717.0 1004.5
7620 53 702.5 994.0
7632 53 687.0 984.0
7644 53 673.0 976.0
7656 53 657.5 963.5
7668 53 643.0 955.0
7680 53 629.0 947.0
7692 53 612.5 939.0
7704 53 596.0 930.5
7716 53 581.0 922.0
7728 53 564.5 918.0
7740 53 548.0 910.0
7752 53 533.0 902.0
7764 53 516.5 893.5
7776 53 500.0 889.5
7788 53 481.5 885.0
7800 53 465.0 885.0
7812 53 446.5 881.0
7596 45 609.5 754.0
7608 45 592.0 756.0
7620 45 575.5 758.0
7632 45 559.0 762.0
7644 45 542.0 764.0
7656 45 525.0 766.0
7668 45 508.5 768.0
7680 45 491.0 772.0
7692 45 474.5 776.0
7704 45 457.5 776.0
7716 45 439.5 780.0
7728 45 421.0 785.0
7740 45 402.5 785.0
7752 45 384.5 789.0
7764 45 365.5 793.0
7776 45 347.5 793.0
7788 45 329.0 797.0
7800 45 310.5 801.0
7812 45 292.5 801.0
7824 45 273.5 805.0
7596 77 32.5 922.5
7608 77 47.5 918.5
7620 77 60.0 918.5
7632 77 73.0 914.5
7644 77 88.0 909.5
7656 77 100.5 905.5
7668 77 115.5 901.5
7680 77 128.5 901.5
7692 77 143.0 897.5
7704 77 156.0 893.5
7716 77 169.0 889.5
7728 77 183.5 889.5
7740 77 196.5 885.5
7752 77 211.0 881.5
7764 77 224.0 879.5
7776 77 238.5 879.5
7788 77 253.5 879.5
7800 77 268.0 879.5
7812 77 283.0 879.5
7824 77 297.5 881.5
7692 49 1153.5 982.0
7704 49 1154.5 984.0
7716 49 1156.5 984.0
7728 49 1157.0 984.0
7740 49 1158.0 984.0
7752 49 1159.5 986.0
7764 49 1159.5 986.0
7776 49 1159.5 986.0
7788 49 1159.5 990.0
7800 49 1161.5 990.0
7812 49 1161.5 994.0
7824 49 1161.5 994.0
7836 49 1163.5 998.5
7848 49 1163.5 998.5
7860 49 1163.5 998.5
7872 49 1163.5 998.5
7884 49 1163.5 998.5
7896 49 1163.5 998.5
7908 49 1163.5 998.5
7920 49 1163.5 998.5
7704 46 1293.5 922.0
7716 46 1280.5 922.0
7728 46 1269.5 930.5
7740 46 1258.5 934.5
7752 46 1249.0 939.0
7764 46 1238.0 943.0
7776 46 1227.0 947.0
7788 46 1217.5 951.0
7800 46 1210.5 951.0
7812 46 1203.0 951.0
7824 46 1197.5 951.0
7836 46 1190.5 951.0
7848 46 1184.5 951.0
7860 46 1177.5 951.0
7872 46 1171.5 955.0
7884 46 1168.0 959.0
7896 46 1166.5 963.5
7908 46 1162.5 967.5
7920 46 1160.5 971.5
7932 46 1160.5 971.5
7728 61 131.0 690.0
7740 61 124.0 690.0
7752 61 116.5 694.0
7764 61 111.0 694.0
7776 61 105.5 694.0
7788 61 100.0 694.0
7800 61 92.5 694.0
7812 61 87.0 694.0
7824 61 81.5 694.0
7836 61 76.0 694.0
7848 61 70.5 694.0
7860 61 63.0 694.0
7872 61 57.5 694.0
7884 61 52.0 698.0
7896 61 46.5 698.0
7908 61 39.0 694.0
7920 61 33.5 690.0
7932 61 30.0 682.0
7944 61 24.5 673.5
7956 61 19.0 669.5
7740 29 486.0 864.5
7752 29 470.0 860.5
7764 29 453.0 856.5
7776 29 436.5 852.5
7788 29 416.0 848.5
7800 29 394.0 844.5
7812 29 374.0 840.0
7824 29 352.0 840.0
7836 29 330.0 836.0
7848 29 309.5 831.5
7860 29 287.5 827.5
7872 29 267.0 827.5
7884 29 247.0 823.5
7896 29 227.0 823.5
7908 29 208.5 823.5
7920 29 188.0 823.5
7932 29 170.0 823.5
7944 29 149.5 823.5
7956 29 129.0 823.5
7968 29 111.0 823.5
7752 74 358.0 831.5
7764 74 340.0 831.5
7776 74 320.0 836.0
7788 74 301.0 836.0
7800 74 283.0 840.0
7812 74 263.0 844.5
7824 74 244.0 844.5
7836 74 226.0 848.5
7848 74 207.5 848.5
7860 74 189.0 852.5
7872 74 169.0 856.5
7884 74 150.0 860.5
7896 74 132.0 860.5
7908 74 114.0 864.5
7920 74 95.0 868.5
7932 74 77.0 868.5
7944 74 60.0 864.5
7956 74 44.5 860.5
7968 74 29.0 854.5
7980 74 18.64 855.3
7824 54 430.0 877.0
7836 54 411.5 873.0
7848 54 395.0 873.0
7860 54 377.0 869.0
7872 54 358.5 865.0
7884 54 342.0 860.5
7896 54 323.5 860.5
7908 54 307.0 856.5
7920 54 288.5 852.5
7932 54 272.0 848.0
7944 54 253.5 848.0
7956 54 237.0 844.0
7968 54 218.5 844.0
7980 54 202.0 844.0
7992 54 185.5 844.0
8004 54 167.0 842.0
8016 54 150.5 840.0
8028 54 133.0 840.0
8040 54 116.5 838.0
8052 54 98.0 836.0
7836 78 312.5 881.5
7848 78 327.0 881.5
7860 78 342.0 881.5
7872 78 356.5 883.5
7884 78 371.0 883.5
7896 78 386.0 883.5
7908 78 400.5 883.5
7920 78 416.0 885.5
7932 78 429.0 881.0
7944 78 444.0 881.0
7956 78 458.5 877.0
7968 78 473.5 877.0
7980 78 488.0 873.0
7992 78 501.0 873.0
8004 78 516.0 871.0
8016 78 532.0 873.0
8028 78 547.0 871.0
8040 78 562.5 873.0
8052 78 579.0 871.0
8064 78 596.0 871.0
7932 50 1163.5 998.5
7944 50 1163.5 998.5
7956 50 1163.5 998.5
7968 50 1163.5 998.5
7980 50 1163.5 998.5
7992 50 1163.5 998.5
8004 50 1162.5 996.5
8016 50 1162.5 996.5
8028 50 1162.5 996.5
8040 50 1162.5 996.5
8052 50 1162.5 996.5
8064 50 1161.5 996.5
8076 50 1162.5 996.5
8088 50 1162.5 996.5
8100 50 1162.5 996.5
8112 50 1161.5 996.5
8124 50 1161.5 996.5
8136 50 1161.5 996.5
8148 50 1161.5 996.5
8160 50 1161.5 996.5
7992 75 18.97 857.22
8004 75 19.31 859.14
8016 75 19.64 861.07
8028 75 19.98 862.99
8040 75 20.31 864.91
8052 75 20.64 866.83
8064 75 20.98 868.75
8076 75 21.31 870.68
8088 75 21.65 872.6
8100 75 21.98 874.52
8112 75 22.32 876.44
8124 75 22.65 878.36
8136 75 22.98 880.29
8148 75 23.32 882.21
8160 75 23.65 884.13
8172 75 23.99 886.05
8184 75 24.32 887.97
8196 75 24.66 889.9
8208 75 24.99 891.82
8220 75 25.32 893.74
8076 79 612.5 871.0
8088 79 627.0 867.0
8100 79 638.0 867.0
8112 79 649.0 867.0
8124 79 660.0 867.0
8136 79 676.5 867.0
8148 79 695.0 867.0
8160 79 708.0 867.0
8172 79 721.0 867.0
8184 79 737.5 867.0
8196 79 757.5 867.0
8208 79 772.5 863.0
8220 79 787.0 863.0
8232 79 802.0 859.0
8244 79 815.0 859.0
8256 79 829.5 859.0
8268 79 844.0 854.0
8280 79 857.0 854.0
8292 79 872.0 850.0
8304 79 884.5 846.0
8172 51 1161.5 996.5
8184 51 1161.5 996.5
8196 51 1161.5 996.5
8208 51 1161.5 996.5
8220 51 1161.0 996.5
8232 51 1162.0 996.5
8244 51 1162.0 996.5
8256 51 1162.0 996.5
8268 51 1161.0 996.5
8280 51 1161.0 996.5
8292 51 1161.0 996.5
8304 51 1161.5 996.5
8316 51 1161.5 996.5
8328 51 1160.5 996.5
8340 51 1160.5 996.5
8352 51 1160.5 996.5
8364 51 1160.5 996.5
8376 51 1159.5 996.5
8388 51 1160.5 996.5
8400 51 1160.5 996.5
8232 76 25.66 895.66
8244 76 25.99 897.58
8256 76 26.33 899.51
8268 76 26.66 901.43
8280 76 27.0 903.35
8292 76 27.33 905.27
8304 76 27.66 907.19
8316 76 28.0 909.12
8328 76 28.33 911.04
8340 76 42.5 908.0
8352 76 72.5 908.0
8364 76 103.5 908.0
8376 76 132.5 908.0
8388 76 164.5 908.0
8400 76 193.5 904.0
8412 76 224.5 904.0
8424 76 254.5 904.0
8436 76 285.5 904.0
8448 76 315.5 895.5
8460 76 344.5 883.0
8316 80 899.5 838.0
8328 80 912.5 834.0
8340 80 925.0 830.0
8352 80 940.0 826.0
8364 80 953.0 817.0
8376 80 965.5 813.0
8388 80 980.5 809.0
8400 80 993.0 805.0
8412 80 1006.0 801.0
8424 80 1021.0 797.0
8436 80 1033.5 793.0
8448 80 1048.5 789.0
8460 80 1061.5 789.0
8472 80 1076.0 785.0
8484 80 1091.0 785.0
8496 80 1105.5 785.0
8508 80 1117.5 782.5
8520 80 1130.5 782.5
8532 80 1142.5 784.5
8544 80 1154.0 782.5
8496 81 543.0 1181.0
8508 81 520.0 1171.0
8520 81 499.0 1168.5
8532 81 477.0 1166.5
8544 81 459.0 1166.5
8556 81 444.0 1166.5
8568 81 429.0 1166.5
8580 81 414.5 1166.5
8592 81 400.0 1171.0
8604 81 385.0 1171.0
8616 81 370.0 1171.0
8628 81 356.0 1171.0
8640 81 341.0 1175.5
8652 81 326.0 1175.5
8664 81 311.0 1175.5
8676 81 297.0 1175.5
8688 81 282.0 1179.5
8700 81 267.0 1179.5
8712 81 253.0 1179.5
8724 81 238.0 1179.5
8496 82 515.0 1226.0
8508 82 522.0 1203.5
8520 82 535.0 1199.5
8532 82 546.0 1191.5
8544 82 559.0 1189.5
8556 82 572.0 1189.5
8568 82 584.0 1189.5
8580 82 596.5 1189.5
8592 82 609.5 1189.5
8604 82 622.5 1187.5
8616 82 639.0 1187.5
8628 82 655.5 1187.5
8640 82 672.0 1187.5
8652 82 688.5 1187.5
8664 82 705.0 1183.5
8676 82 722.0 1183.5
8688 82 738.5 1183.5
8700 82 755.0 1183.5
8712 82 771.5 1183.5
8724 82 788.0 1179.5
8496 84 719.5 1154.5
8508 84 702.5 1154.5
8520 84 686.0 1154.5
8532 84 669.0 1158.5
8544 84 653.0 1158.5
8556 84 636.0 1162.5
8568 84 620.0 1162.5
8580 84 603.0 1166.5
8592 84 586.5 1166.5
8604 84 572.0 1171.0
8616 84 555.0 1171.0
8628 84 539.0 1175.5
8640 84 522.0 1175.5
8652 84 505.5 1175.5
8664 84 489.0 1175.5
8676 84 472.5 1175.5
8688 84 456.0 1175.5
8700 84 439.0 1175.5
8712 84 421.0 1175.5
8724 84 404.0 1175.5
8736 83 804.5 1179.5
8748 83 821.0 1179.5
8760 83 838.0 1179.5
8772 83 854.5 1179.5
8784 83 871.0 1175.5
8796 83 887.5 1175.5
8808 83 904.0 1175.5
8820 83 920.5 1175.5
8832 83 937.0 1175.5
8844 83 953.5 1175.5
8856 83 970.0 1175.5
8868 83 988.5 1175.5
8880 83 1003.5 1179.5
8892 83 1012.5 1179.5
8904 83 1022.0 1179.5
8916 83 1033.0 1179.5
8928 83 1042.0 1179.5
8940 83 1053.0 1183.5
8952 83 1062.0 1183.5
8964 83 1071.5 1183.5
8736 85 388.0 1171.0
8748 85 371.0 1171.0
8760 85 355.0 1171.0
8772 85 338.0 1171.0
8784 85 321.5 1171.0
8796 85 305.0 1171.0
8808 85 288.5 1171.0
8820 85 272.0 1166.5
8832 85 253.5 1166.5
8844 85 237.0 1166.5
8856 85 220.0 1166.5
8868 85 204.0 1166.5
8880 85 187.0 1166.5
8892 85 171.0 1166.5
8904 85 154.0 1166.5
8916 85 137.5 1166.5
8928 85 121.0 1171.0
8940 85 106.0 1171.0
8952 85 90.0 1175.5
8964 85 73.0 1175.5