0 1 546.0 1110.0
12 1 535.0 1090.0
24 1 526.0 1073.0
36 1 516.0 1057.0
48 1 507.0 1038.0
60 1 502.0 1026.0
72 1 494.0 1013.0
84 1 489.0 1001.0
96 1 481.0 988.0
108 1 476.0 976.0
120 1 468.0 964.0
132 1 463.0 951.0
144 1 457.0 935.0
156 1 450.0 918.0
168 1 444.0 902.0
180 1 439.0 885.0
192 1 433.0 869.0
204 1 427.5 856.0
216 1 422.0 848.0
228 1 418.0 836.0
0 3 559.0 998.5
12 3 581.0 986.5
24 3 603.5 978.0
36 3 626.0 965.5
48 3 642.5 961.5
60 3 655.0 953.5
72 3 666.5 949.5
84 3 679.5 941.0
96 3 687.0 937.0
108 3 689.0 937.0
120 3 692.5 937.0
132 3 694.0 934.5
144 3 696.0 934.5
156 3 698.0 930.5
168 3 700.0 930.5
180 3 700.0 930.5
192 3 702.0 926.5
204 3 703.5 926.5
216 3 703.5 922.5
228 3 705.0 922.5
0 5 546.0 1065.0
12 5 550.0 1065.0
24 5 553.5 1065.0
36 5 559.0 1067.0
48 5 563.0 1067.0
60 5 568.0 1071.0
72 5 572.0 1071.0
84 5 577.5 1075.0
96 5 583.0 1079.0
108 5 589.0 1083.0
120 5 592.0 1088.0
132 5 598.0 1092.0
144 5 603.5 1096.0
156 5 609.0 1100.0
168 5 616.5 1104.0
180 5 628.0 1104.0
192 5 639.0 1104.0
204 5 646.0 1108.0
216 5 646.0 1108.0
228 5 646.0 1108.0
0 9 1202.5 1075.0
12 9 1201.0 1071.0
24 9 1201.0 1071.0
36 9 1201.0 1071.0
48 9 1201.0 1071.0
60 9 1201.0 1071.0
72 9 1201.0 1071.0
84 9 1201.0 1071.0
96 9 1201.0 1071.0
108 9 1201.0 1071.0
120 9 1201.0 1071.0
132 9 1199.5 1067.0
144 9 1199.5 1067.0
156 9 1199.5 1067.0
168 9 1199.5 1067.0
180 9 1199.5 1067.0
192 9 1199.5 1067.0
204 9 1199.5 1067.0
216 9 1199.5 1067.0
228 9 1199.5 1067.0
0 11 1192.0 1032.0
12 11 1192.0 1032.0
24 11 1192.0 1032.0
36 11 1192.0 1032.0
48 11 1192.0 1032.0
60 11 1192.0 1032.0
72 11 1192.0 1032.0
84 11 1192.0 1032.0
96 11 1192.0 1032.0
108 11 1192.0 1032.0
120 11 1192.0 1032.0
132 11 1192.0 1032.0
144 11 1192.0 1032.0
156 11 1192.0 1032.0
168 11 1192.0 1032.0
180 11 1192.0 1032.0
192 11 1192.0 1032.0
204 11 1192.0 1032.0
216 11 1192.0 1032.0
228 11 1192.0 1032.0
0 13 1061.0 881.0
12 13 1061.0 881.0
24 13 1061.0 881.0
36 13 1061.0 881.0
48 13 1061.0 881.0
60 13 1061.0 881.0
72 13 1061.0 881.0
84 13 1061.0 881.0
96 13 1061.0 881.0
108 13 1061.0 881.0
120 13 1061.0 881.0
132 13 1061.0 881.0
144 13 1061.0 881.0
156 13 1061.0 881.0
168 13 1061.0 881.0
180 13 1061.0 881.0
192 13 1061.0 881.0
204 13 1061.0 881.0
216 13 1061.0 881.0
228 13 1061.0 881.0
0 15 247.5 718.0
12 15 247.5 718.0
24 15 247.5 718.0
36 15 247.5 718.0
48 15 247.5 718.0
60 15 247.5 718.0
72 15 247.5 718.0
84 15 247.5 718.0
96 15 247.5 718.0
108 15 247.5 718.0
120 15 247.5 718.0
132 15 247.5 718.0
144 15 247.5 718.0
156 15 247.5 718.0
168 15 247.5 718.0
180 15 247.5 718.0
192 15 247.5 718.0
204 15 247.5 718.0
216 15 247.5 718.0
228 15 247.5 718.0
0 17 236.5 745.0
12 17 236.5 745.0
24 17 236.5 745.0
36 17 236.5 745.0
48 17 236.5 745.0
60 17 236.5 745.0
72 17 236.5 745.0
84 17 236.5 745.0
96 17 236.5 745.0
108 17 236.5 745.0
120 17 236.5 745.0
132 17 236.5 745.0
144 17 236.5 745.0
156 17 236.5 745.0
168 17 236.5 745.0
180 17 236.5 745.0
192 17 236.5 745.0
204 17 236.5 745.0
216 17 236.5 745.0
228 17 236.5 745.0
0 19 268.5 749.0
12 19 268.5 749.0
24 19 268.5 749.0
36 19 268.5 749.0
48 19 268.5 749.0
60 19 268.5 749.0
72 19 268.5 749.0
84 19 268.5 749.0
96 19 268.5 749.0
108 19 268.5 749.0
120 19 268.5 749.0
132 19 268.5 749.0
144 19 268.5 749.0
156 19 268.5 749.0
168 19 268.5 749.0
180 19 268.5 749.0
192 19 268.5 749.0
204 19 268.5 749.0
216 19 268.5 749.0
228 19 268.5 749.0
0 21 182.5 732.5
12 21 182.5 732.5
24 21 182.5 732.5
36 21 182.5 732.5
48 21 182.5 732.5
60 21 182.5 732.5
72 21 182.5 732.5
84 21 182.5 732.5
96 21 182.5 732.5
108 21 182.5 732.5
120 21 182.5 732.5
132 21 182.5 732.5
144 21 182.5 732.5
156 21 182.5 732.5
168 21 182.5 732.5
180 21 182.5 732.5
192 21 182.5 732.5
204 21 182.5 732.5
216 21 182.5 732.5
228 21 182.5 732.5
0 25 1064.0 757.0
12 25 1049.0 753.0
24 25 1034.5 751.0
36 25 1019.5 747.0
48 25 1004.5 747.0
60 25 990.0 745.0
72 25 977.0 745.0
84 25 965.5 745.0
96 25 956.5 745.0
108 25 946.0 745.0
120 25 937.0 745.0
132 25 920.5 741.0
144 25 905.5 736.5
156 25 890.5 732.5
168 25 876.0 728.0
180 25 865.0 728.0
192 25 853.5 728.0
204 25 844.5 728.0
216 25 833.0 728.0
228 25 822.0 732.5
0 60 275.5 720.0
12 60 275.5 720.0
24 60 275.5 720.0
36 60 275.5 720.0
48 60 275.5 720.0
60 60 275.5 720.0
72 60 275.5 720.0
84 60 275.5 720.0
96 60 275.5 720.0
108 60 275.5 720.0
120 60 275.5 720.0
132 60 275.5 720.0
144 60 275.5 720.0
156 60 275.5 720.0
168 60 275.5 720.0
180 60 275.5 720.0
192 60 275.5 720.0
204 60 275.5 720.0
216 60 275.5 720.0
228 60 275.5 720.0
0 70 156.0 730.0
12 70 156.0 730.0
24 70 156.0 730.0
36 70 156.0 730.0
48 70 156.0 730.0
60 70 156.0 730.0
72 70 156.0 730.0
84 70 156.0 730.0
96 70 156.0 730.0
108 70 156.0 730.0
120 70 156.0 730.0
132 70 156.0 730.0
144 70 156.0 730.0
156 70 156.0 730.0
168 70 156.0 730.0
180 70 156.0 730.0
192 70 156.0 730.0
204 70 156.0 730.0
216 70 156.0 730.0
228 70 156.0 730.0
96 92 22.0 700.5
108 92 25.5 672.5
120 92 32.0 664.5
132 92 39.0 656.0
144 92 48.5 654.0
156 92 55.89 653.84
168 92 55.66 653.51
180 92 55.44 653.19
192 92 55.22 652.86
204 92 54.99 652.54
216 92 54.77 652.21
228 92 54.54 651.89
240 92 54.32 651.56
252 92 54.09 651.24
264 92 53.87 650.91
276 92 53.65 650.59
288 92 53.42 650.27
300 92 53.2 649.94
312 92 52.97 649.62
324 92 52.75 649.29
240 4 707.0 922.5
252 4 707.0 918.5
264 4 709.0 918.5
276 4 715.0 914.0
288 4 724.0 914.0
300 4 733.0 910.0
312 4 742.5 910.0
324 4 752.0 905.5
336 4 761.0 905.5
348 4 770.0 901.5
360 4 779.5 897.5
372 4 789.0 897.5
384 4 802.0 893.5
396 4 820.0 889.5
408 4 839.0 881.0
420 4 857.0 877.0
432 4 874.0 864.5
444 4 892.5 852.5
456 4 909.0 839.5
468 4 928.0 827.5
240 6 655.0 1108.0
252 6 668.0 1108.0
264 6 681.0 1108.0
276 6 692.5 1108.0
288 6 705.0 1108.0
300 6 718.0 1108.0
312 6 731.0 1108.0
324 6 744.0 1108.0
336 6 757.0 1108.0
348 6 770.0 1108.0
360 6 783.0 1108.0
372 6 796.0 1108.0
384 6 809.0 1108.0
396 6 822.0 1108.0
408 6 835.0 1108.0
420 6 848.0 1108.0
432 6 861.0 1108.0
444 6 872.0 1108.0
456 6 889.0 1112.0
468 6 907.0 1116.0
240 10 1199.5 1067.0
252 10 1197.5 1067.0
264 10 1197.5 1067.0
276 10 1197.5 1067.0
288 10 1197.5 1067.0
300 10 1197.5 1067.0
312 10 1197.5 1067.0
324 10 1197.5 1067.0
336 10 1197.5 1067.0
348 10 1197.5 1067.0
360 10 1197.5 1067.0
372 10 1195.5 1071.0
384 10 1195.5 1071.0
396 10 1195.5 1071.0
408 10 1195.5 1071.0
420 10 1195.5 1071.0
432 10 1195.5 1071.0
444 10 1195.5 1071.0
456 10 1195.5 1071.0
468 10 1195.5 1071.0
240 12 1192.0 1032.0
252 12 1192.0 1032.0
264 12 1192.0 1032.0
276 12 1192.0 1032.0
288 12 1192.0 1032.0
300 12 1192.0 1032.0
312 12 1192.0 1032.0
324 12 1192.0 1032.0
336 12 1192.0 1032.0
348 12 1192.0 1032.0
360 12 1192.0 1032.0
372 12 1192.0 1032.0
384 12 1192.0 1032.0
396 12 1192.0 1032.0
408 12 1192.0 1032.0
420 12 1192.0 1032.0
432 12 1192.0 1032.0
444 12 1192.0 1032.0
456 12 1192.0 1032.0
468 12 1192.0 1032.0
240 14 1061.0 881.0
252 14 1061.0 881.0
264 14 1061.0 881.0
276 14 1061.0 881.0
288 14 1061.0 881.0
300 14 1061.0 881.0
312 14 1061.0 881.0
324 14 1061.0 881.0
336 14 1061.0 881.0
348 14 1061.0 881.0
360 14 1061.0 881.0
372 14 1061.0 881.0
384 14 1061.0 881.0
396 14 1061.0 881.0
408 14 1061.0 881.0
420 14 1061.0 881.0
432 14 1061.0 881.0
444 14 1061.0 881.0
456 14 1061.0 881.0
468 14 1061.0 881.0
240 16 247.5 718.0
252 16 247.5 718.0
264 16 247.5 718.0
276 16 247.5 718.0
288 16 247.5 718.0
300 16 247.5 718.0
312 16 247.5 718.0
324 16 247.5 718.0
336 16 247.5 718.0
348 16 247.5 718.0
360 16 247.5 718.0
372 16 247.5 718.0
384 16 247.5 718.0
396 16 247.5 718.0
408 16 247.5 718.0
420 16 247.5 718.0
432 16 247.5 718.0
444 16 247.5 718.0
456 16 247.5 718.0
468 16 247.5 718.0
240 18 236.5 745.0
252 18 236.5 745.0
264 18 236.5 745.0
276 18 236.5 745.0
288 18 236.5 745.0
300 18 236.5 745.0
312 18 236.5 745.0
324 18 236.5 745.0
336 18 236.5 745.0
348 18 236.5 745.0
360 18 236.5 745.0
372 18 236.5 745.0
384 18 236.5 745.0
396 18 236.5 745.0
408 18 236.5 745.0
420 18 236.5 745.0
432 18 236.5 745.0
444 18 236.5 745.0
456 18 236.5 745.0
468 18 236.5 745.0
240 20 268.5 749.0
252 20 268.5 749.0
264 20 268.5 749.0
276 20 268.5 749.0
288 20 268.5 749.0
300 20 268.5 749.0
312 20 268.5 749.0
324 20 268.5 749.0
336 20 268.5 749.0
348 20 268.5 749.0
360 20 268.5 749.0
372 20 268.5 749.0
384 20 268.5 749.0
396 20 268.5 749.0
408 20 268.5 749.0
420 20 268.5 749.0
432 20 268.5 749.0
444 20 268.5 749.0
456 20 268.5 749.0
468 20 268.5 749.0
240 22 182.5 732.5
252 22 182.5 732.5
264 22 182.5 732.5
276 22 182.5 732.5
288 22 182.5 732.5
300 22 182.5 732.5
312 22 182.5 732.5
324 22 182.5 732.5
336 22 182.5 732.5
348 22 182.5 732.5
360 22 182.5 732.5
372 22 182.5 732.5
384 22 182.5 732.5
396 22 182.5 732.5
408 22 182.5 732.5
420 22 182.5 732.5
432 22 182.5 732.5
444 22 182.5 732.5
456 22 182.5 732.5
468 22 182.5 732.5
240 26 809.0 732.5
252 26 796.0 736.5
264 26 783.0 736.5
276 26 772.0 736.5
288 26 763.0 732.5
300 26 752.0 728.0
312 26 737.0 728.0
324 26 724.0 728.0
336 26 711.0 732.5
348 26 698.0 736.5
360 26 685.0 745.0
372 26 672.0 745.0
384 26 661.0 745.0
396 26 648.0 745.0
408 26 637.0 745.0
420 26 626.0 745.0
432 26 614.5 745.0
444 26 603.5 749.0
456 26 592.5 753.0
468 26 581.0 757.0
240 61 275.5 720.0
252 61 275.5 720.0
264 61 275.5 720.0
276 61 275.5 720.0
288 61 275.5 720.0
300 61 275.5 720.0
312 61 275.5 720.0
324 61 275.5 720.0
336 61 275.5 720.0
348 61 275.5 720.0
360 61 275.5 720.0
372 61 275.5 720.0
384 61 275.5 720.0
396 61 275.5 720.0
408 61 275.5 720.0
420 61 275.5 720.0
432 61 275.5 720.0
444 61 275.5 720.0
456 61 275.5 720.0
468 61 275.5 720.0
240 71 156.0 730.0
252 71 156.0 730.0
264 71 156.0 730.0
276 71 156.0 730.0
288 71 156.0 730.0
300 71 156.0 730.0
312 71 156.0 730.0
324 71 156.0 730.0
336 71 156.0 730.0
348 71 156.0 730.0
360 71 156.0 730.0
372 71 156.0 730.0
384 71 156.0 730.0
396 71 156.0 730.0
408 71 156.0 730.0
420 71 156.0 730.0
432 71 156.0 730.0
444 71 156.0 730.0
456 71 156.0 730.0
468 71 156.0 730.0
336 93 52.52 648.97
348 93 52.3 648.64
360 93 52.08 648.32
372 93 51.85 647.99
384 93 51.63 647.67
396 93 51.4 647.34
408 93 51.18 647.02
420 93 50.95 646.69
432 93 50.73 646.37
444 93 50.51 646.04
456 93 50.28 645.72
468 93 50.06 645.39
480 93 49.83 645.07
492 93 49.61 644.74
504 93 49.39 644.42
516 93 49.16 644.1
528 93 48.94 643.77
540 93 48.71 643.45
552 93 48.49 643.12
564 93 48.26 642.8
396 91 748.0 709.5
408 91 730.0 709.5
420 91 721.0 714.0
432 91 712.0 718.0
444 91 702.0 720.0
456 91 692.5 724.5
468 91 681.0 724.5
480 91 668.0 724.5
492 91 657.0 720.0
504 91 646.0 720.5
516 91 635.0 726.5
528 91 623.0 724.0
540 91 610.0 724.0
552 91 597.0 720.0
564 91 584.0 716.0
576 91 571.0 716.0
588 91 558.0 712.0
600 91 545.0 712.0
612 91 532.0 707.5
624 91 519.0 703.5
480 27 572.0 761.0
492 27 555.5 757.0
504 27 538.5 757.0
516 27 525.5 759.0
528 27 513.0 761.0
540 27 501.5 763.0
552 27 488.5 767.5
564 27 475.5 772.0
576 27 462.5 774.0
588 27 450.0 778.0
600 27 437.0 778.0
612 27 425.0 782.0
624 27 412.5 782.0
636 27 400.5 786.0
648 27 389.0 786.0
660 27 377.0 786.0
672 27 364.0 790.0
684 27 352.0 790.0
696 27 340.0 792.0
708 27 328.5 794.0
480 62 275.5 720.0
492 62 275.5 720.0
504 62 273.5 720.0
516 62 273.5 720.0
528 62 273.5 720.0
540 62 272.5 720.0
552 62 272.5 720.0
564 62 272.5 720.0
576 62 272.0 720.0
588 62 272.0 720.0
600 62 272.0 720.0
612 62 271.0 720.0
624 62 271.0 720.0
636 62 271.0 720.0
648 62 270.0 720.0
660 62 270.0 720.0
672 62 270.0 720.0
684 62 269.0 720.0
696 62 269.0 720.0
708 62 269.0 720.0
480 72 156.0 730.0
492 72 156.0 730.0
504 72 156.0 728.0
516 72 156.0 728.0
528 72 156.0 728.0
540 72 156.0 728.0
552 72 156.0 728.0
564 72 156.0 728.0
576 72 156.0 728.0
588 72 156.0 728.0
600 72 157.0 728.0
612 72 157.0 726.0
624 72 157.0 726.0
636 72 157.0 726.0
648 72 157.0 726.0
660 72 157.0 726.0
672 72 157.0 726.0
684 72 157.0 726.0
696 72 157.0 726.0
708 72 158.0 724.0
504 95 1036.0 1098.0
516 95 1027.0 1098.0
528 95 1017.5 1098.0
540 95 1010.0 1098.0
552 95 1001.0 1098.0
564 95 991.5 1098.0
576 95 982.5 1098.0
588 95 973.0 1098.0
600 95 965.5 1098.0
612 95 956.5 1098.0
624 95 949.0 1098.0
636 95 940.0 1098.0
648 95 930.5 1098.0
660 95 919.5 1098.0
672 95 908.5 1098.0
684 95 899.0 1098.0
696 95 891.5 1098.0
708 95 882.5 1098.0
720 95 873.0 1098.0
732 95 863.49 1098.23
576 94 48.04 642.47
588 94 47.82 642.15
600 94 47.59 641.82
612 94 47.37 641.5
624 94 47.14 641.17
636 94 46.92 640.85
648 94 46.69 640.52
660 94 46.47 640.2
672 94 46.25 639.87
684 94 46.02 639.55
696 94 45.8 639.22
708 94 45.57 638.9
720 94 45.35 638.57
732 94 45.13 638.25
744 94 44.9 637.93
756 94 44.68 637.6
768 94 44.45 637.28
780 94 44.23 636.95
792 94 44.0 636.63
804 94 43.78 636.3
684 30 329.5 1069.0
696 30 325.5 1056.5
708 30 324.0 1040.0
720 30 320.0 1023.5
732 30 316.5 1007.0
744 30 314.5 995.0
756 30 311.0 978.0
768 30 309.0 962.0
780 30 305.0 945.0
792 30 301.5 933.0
804 30 299.5 916.0
816 30 296.0 904.0
828 30 290.5 891.0
840 30 286.5 883.0
852 30 281.0 871.0
864 30 275.5 858.0
876 30 272.0 850.0
888 30 266.5 838.0
900 30 262.5 829.5
912 30 257.0 817.0
720 28 315.5 794.0
732 28 304.0 796.0
744 28 292.0 798.5
756 28 279.5 798.5
768 28 267.5 801.0
780 28 256.0 803.0
792 28 244.0 805.0
804 28 231.0 805.0
816 28 219.5 807.0
828 28 207.0 809.0
840 28 195.0 809.0
852 28 182.5 813.0
864 28 170.5 813.0
876 28 159.0 813.0
888 28 146.5 817.0
900 28 134.5 817.0
912 28 122.5 819.0
924 28 109.5 821.0
936 28 98.5 821.0
948 28 86.5 821.0
720 63 268.0 720.0
732 63 268.0 720.0
744 63 268.0 720.0
756 63 267.0 720.0
768 63 267.0 720.0
780 63 267.0 720.0
792 63 266.5 720.0
804 63 266.5 720.0
816 63 266.5 720.0
828 63 265.5 720.0
840 63 265.5 720.0
852 63 265.5 720.0
864 63 264.5 720.0
876 63 264.5 720.0
888 63 264.5 720.0
900 63 263.5 720.0
912 63 263.5 720.0
924 63 263.5 720.0
936 63 262.5 720.0
948 63 262.5 720.0
720 73 158.0 724.0
732 73 158.0 724.0
744 73 158.0 724.0
756 73 158.0 724.0
768 73 158.0 724.0
780 73 158.0 724.0
792 73 158.0 724.0
804 73 158.5 722.0
816 73 158.5 722.0
828 73 158.5 722.0
840 73 158.5 722.0
852 73 158.5 722.0
864 73 158.5 722.0
876 73 158.5 722.0
888 73 158.5 722.0
900 73 159.5 722.0
912 73 159.5 720.0
924 73 159.5 720.0
936 73 159.5 720.0
948 73 159.5 720.0
744 96 853.97 1098.46
756 96 844.46 1098.69
768 96 834.94 1098.91
780 96 825.43 1099.14
792 96 815.91 1099.37
804 96 806.4 1099.6
816 96 796.89 1099.83
828 96 787.37 1100.06
840 96 777.86 1100.29
852 96 768.34 1100.51
864 96 758.83 1100.74
876 96 749.31 1100.97
888 96 739.8 1101.2
900 96 730.29 1101.43
912 96 720.77 1101.66
924 96 711.26 1101.89
936 96 701.0 1098.0
948 96 689.5 1094.0
960 96 680.5 1089.5
972 96 669.5 1085.5
792 86 157.0 726.0
804 86 157.0 734.5
816 86 157.0 743.0
828 86 155.0 751.0
840 86 155.0 759.0
852 86 157.0 767.5
864 86 162.5 784.0
876 86 166.0 796.5
888 86 172.0 809.0
900 86 175.5 821.0
912 86 181.0 833.5
924 86 185.0 846.0
936 86 190.5 862.5
948 86 194.0 875.0
960 86 199.5 887.0
972 86 205.0 900.0
984 86 209.0 912.0
996 86 214.5 924.5
1008 86 220.0 941.0
1020 86 228.5 953.0
960 64 262.5 720.0
972 64 261.5 720.0
984 64 261.5 720.0
996 64 261.5 720.0
1008 64 259.5 720.0
1020 64 259.5 720.0
1032 64 258.5 720.0
1044 64 258.5 720.0
1056 64 258.5 720.0
1068 64 258.0 720.0
1080 64 258.0 720.0
1092 64 257.0 720.0
1104 64 257.0 720.0
1116 64 257.0 720.0
1128 64 256.0 718.0
1140 64 256.0 718.0
1152 64 255.0 718.0
1164 64 255.0 718.0
1176 64 255.0 718.0
1188 64 254.0 718.0
960 74 159.5 720.0
972 74 159.5 720.0
984 74 159.5 720.0
996 74 159.5 720.0
1008 74 159.5 720.0
1020 74 159.5 720.0
1032 74 159.5 720.0
1044 74 159.5 720.0
1056 74 159.5 720.0
1068 74 159.5 720.0
1080 74 159.5 720.0
1092 74 159.5 720.0
1104 74 158.5 720.0
1116 74 158.5 720.0
1128 74 158.5 718.0
1140 74 158.5 718.0
1152 74 158.5 718.0
1164 74 158.5 718.0
1176 74 158.5 718.0
1188 74 158.5 718.0
984 29 24.0 900.0
996 29 27.0 879.0
1008 29 33.5 865.0
1020 29 42.5 848.0
1032 29 49.5 833.5
1044 29 55.0 817.0
1056 29 62.5 796.5
1068 29 68.0 780.0
1080 29 73.5 763.5
1092 29 75.5 759.0
1104 29 79.0 751.0
1116 29 81.0 747.0
1128 29 85.0 734.5
1140 29 87.5 722.0
1152 29 90.5 710.0
1164 29 93.0 697.0
1176 29 96.5 685.0
1188 29 99.5 672.5
1200 29 103.5 664.0
1212 29 105.5 652.0
996 23 279.0 707.5
1008 23 279.0 707.5
1020 23 279.0 707.5
1032 23 279.0 707.5
1044 23 279.0 707.5
1056 23 279.0 707.5
1068 23 279.0 707.5
1080 23 279.0 707.5
1092 23 279.0 707.5
1104 23 279.0 707.5
1116 23 279.0 707.5
1128 23 279.0 707.5
1140 23 279.0 707.5
1152 23 279.0 707.5
1164 23 279.0 707.5
1176 23 279.0 707.5
1188 23 279.0 707.5
1200 23 279.0 707.5
1212 23 279.0 707.5
1224 23 279.0 707.5
996 31 184.0 724.0
1008 31 184.0 724.0
1020 31 184.0 724.0
1032 31 184.0 724.0
1044 31 184.0 724.0
1056 31 184.0 724.0
1068 31 184.0 724.0
1080 31 184.0 724.0
1092 31 184.0 724.0
1104 31 184.0 724.0
1116 31 184.0 724.0
1128 31 184.0 724.0
1140 31 184.0 724.0
1152 31 184.0 724.0
1164 31 184.0 724.0
1176 31 184.0 724.0
1188 31 184.0 724.0
1200 31 184.0 724.0
1212 31 184.0 724.0
1224 31 184.0 724.0
996 33 894.5 825.0
1008 33 901.5 800.5
1020 33 914.5 796.5
1032 33 927.5 788.0
1044 33 939.0 784.0
1056 33 952.0 776.0
1068 33 964.5 771.5
1080 33 976.0 763.5
1092 33 983.5 763.5
1104 33 990.5 763.5
1116 33 998.0 763.5
1128 33 1003.5 759.0
1140 33 1009.5 751.0
1152 33 1013.0 747.0
1164 33 1018.5 743.0
1176 33 1024.0 738.5
1188 33 1027.5 730.5
1200 33 1027.5 718.0
1212 33 1028.5 701.5
1224 33 1030.5 689.0
996 35 724.0 1060.0
1008 35 711.0 1040.0
1020 35 702.0 1036.0
1032 35 692.0 1036.0
1044 35 681.0 1032.0
1056 35 674.0 1032.0
1068 35 672.0 1032.0
1080 35 668.0 1032.0
1092 35 666.5 1036.0
1104 35 665.0 1036.0
1116 35 661.0 1036.0
1128 35 659.0 1040.0
1140 35 657.0 1040.0
1152 35 654.0 1040.0
1164 35 652.0 1040.0
1176 35 650.0 1040.0
1188 35 648.0 1040.0
1200 35 644.0 1038.0
1212 35 642.0 1038.0
1224 35 641.0 1036.0
996 37 729.0 1033.5
1008 37 715.0 1011.0
1020 37 706.0 1011.0
1032 37 698.0 1009.0
1044 37 691.5 1009.0
1056 37 691.5 1013.5
1068 37 691.5 1021.5
1080 37 691.5 1025.5
1092 37 691.5 1034.0
1104 37 689.5 1034.0
1116 37 688.0 1034.0
1128 37 686.0 1032.0
1140 37 684.0 1027.5
1152 37 681.5 1027.5
1164 37 678.5 1025.5
1176 37 676.5 1021.5
1188 37 675.0 1021.5
1200 37 673.0 1019.5
1212 37 670.0 1017.5
1224 37 668.5 1015.0
996 42 579.5 858.0
1008 42 586.0 858.0
1020 42 597.0 858.0
1032 42 608.0 858.0
1044 42 617.5 862.5
1056 42 628.5 867.0
1068 42 638.0 871.0
1080 42 649.0 875.0
1092 42 660.0 875.0
1104 42 673.0 871.0
1116 42 684.0 871.0
1128 42 695.0 871.0
1140 42 704.5 875.0
1152 42 713.5 875.0
1164 42 723.0 879.0
1176 42 732.5 879.0
1188 42 743.5 883.0
1200 42 752.5 883.0
1212 42 762.0 883.0
1224 42 773.0 883.0
996 55 270.0 757.0
1008 55 270.0 757.0
1020 55 270.0 757.0
1032 55 270.0 757.0
1044 55 270.0 757.0
1056 55 270.0 757.0
1068 55 270.0 757.0
1080 55 270.0 757.0
1092 55 270.0 757.0
1104 55 270.0 757.0
1116 55 270.0 757.0
1128 55 270.0 757.0
1140 55 270.0 757.0
1152 55 270.0 757.0
1164 55 270.0 757.0
1176 55 270.0 757.0
1188 55 270.0 757.0
1200 55 270.0 757.0
1212 55 270.0 757.0
1224 55 270.0 757.0
1032 87 234.5 968.0
1044 87 242.5 982.0
1056 87 250.5 995.0
1068 87 257.5 1009.0
1080 87 264.5 1021.5
1092 87 272.5 1038.0
1104 87 279.5 1050.0
1116 87 285.0 1065.0
1128 87 290.5 1081.5
1140 87 294.0 1102.0
1152 87 297.5 1118.5
1164 87 296.98 1118.19
1176 87 296.42 1117.86
1188 87 295.86 1117.52
1200 87 295.29 1117.19
1212 87 294.73 1116.85
1224 87 294.16 1116.51
1236 87 293.6 1116.18
1248 87 293.04 1115.84
1260 87 292.47 1115.51
1044 82 1179.0 1015.0
1056 82 1179.0 1015.0
1068 82 1179.0 1015.0
1080 82 1179.0 1015.0
1092 82 1179.0 1015.0
1104 82 1179.0 1015.0
1116 82 1179.0 1015.0
1128 82 1179.0 1015.0
1140 82 1179.0 1015.0
1152 82 1179.0 1015.0
1164 82 1179.0 1015.0
1176 82 1179.0 1015.0
1188 82 1179.0 1015.0
1200 82 1179.0 1015.0
1212 82 1179.0 1015.0
1224 82 1179.0 1015.0
1236 82 1179.0 1015.0
1248 82 1179.0 1015.0
1260 82 1179.0 1015.0
1272 82 1179.0 1015.0
1056 39 642.0 1122.0
1068 39 632.0 1102.0
1080 39 630.0 1102.0
1092 39 628.5 1102.0
1104 39 627.0 1102.0
1116 39 625.0 1102.0
1128 39 623.0 1102.0
1140 39 621.0 1102.0
1152 39 619.0 1102.0
1164 39 617.5 1102.0
1176 39 615.5 1102.0
1188 39 614.0 1102.0
1200 39 612.0 1102.0
1212 39 612.0 1102.0
1224 39 610.0 1102.0
1236 39 608.0 1102.0
1248 39 606.0 1102.0
1260 39 597.0 1106.0
1272 39 586.0 1106.0
1284 39 577.0 1102.0
1164 40 1209.0 732.5
1176 40 1193.5 732.5
1188 40 1180.5 732.5
1200 40 1169.5 732.5
1212 40 1156.5 732.5
1224 40 1145.5 732.5
1236 40 1132.5 732.5
1248 40 1119.5 732.5
1260 40 1108.5 728.5
1272 40 1095.5 728.5
1284 40 1082.5 728.5
1296 40 1069.5 724.0
1308 40 1056.5 724.0
1320 40 1042.5 720.0
1332 40 1029.5 720.0
1344 40 1016.5 720.0
1356 40 1003.5 716.0
1368 40 990.5 716.0
1380 40 977.5 712.0
1392 40 964.5 712.0
1200 65 254.0 718.0
1212 65 253.0 718.0
1224 65 253.0 718.0
1236 65 252.0 718.0
1248 65 252.0 718.0
1260 65 252.0 716.0
1272 65 251.5 716.0
1284 65 251.5 716.0
1296 65 250.5 716.0
1308 65 250.5 716.0
1320 65 250.5 716.0
1332 65 249.5 716.0
1344 65 249.5 716.0
1356 65 248.5 716.0
1368 65 248.5 716.0
1380 65 248.5 714.0
1392 65 247.5 714.0
1404 65 247.5 714.0
1416 65 246.5 714.0
1428 65 246.5 714.0
1200 75 158.5 718.0
1212 75 158.0 718.0
1224 75 158.0 718.0
1236 75 158.0 718.0
1248 75 158.0 718.0
1260 75 158.0 716.0
1272 75 158.0 716.0
1284 75 158.0 716.0
1296 75 158.0 716.0
1308 75 157.0 716.0
1320 75 157.0 716.0
1332 75 157.0 716.0
1344 75 157.0 716.0
1356 75 157.0 716.0
1368 75 157.0 716.0
1380 75 157.0 714.0
1392 75 157.0 714.0
1404 75 156.0 714.0
1416 75 156.0 714.0
1428 75 156.0 714.0
1236 24 279.0 707.5
1248 24 279.0 707.5
1260 24 279.0 707.5
1272 24 279.0 707.5
1284 24 279.0 707.5
1296 24 279.0 707.5
1308 24 279.0 707.5
1320 24 279.0 707.5
1332 24 279.0 707.5
1344 24 279.0 707.5
1356 24 279.0 707.5
1368 24 279.0 707.5
1380 24 279.0 707.5
1392 24 279.0 707.5
1404 24 279.0 707.5
1416 24 279.0 707.5
1428 24 279.0 707.5
1440 24 279.0 707.5
1452 24 279.0 707.5
1464 24 279.0 707.5
1236 32 184.0 724.0
1248 32 184.0 724.0
1260 32 184.0 724.0
1272 32 184.0 724.0
1284 32 184.0 724.0
1296 32 184.0 724.0
1308 32 184.0 724.0
1320 32 184.0 724.0
1332 32 184.0 724.0
1344 32 184.0 724.0
1356 32 184.0 724.0
1368 32 184.0 724.0
1380 32 184.0 724.0
1392 32 184.0 724.0
1404 32 184.0 724.0
1416 32 184.0 724.0
1428 32 184.0 724.0
1440 32 184.0 724.0
1452 32 184.0 724.0
1464 32 184.0 724.0
1236 34 1030.5 668.5
1248 34 1032.5 656.0
1260 34 1032.5 656.0
1272 34 1032.5 656.0
1284 34 1032.5 656.0
1296 34 1032.5 656.0
1308 34 1032.5 656.0
1320 34 1032.5 656.0
1332 34 1032.5 656.0
1344 34 1032.5 656.0
1356 34 1032.5 656.0
1368 34 1032.5 656.0
1380 34 1032.5 656.0
1392 34 1032.5 656.0
1404 34 1032.5 656.0
1416 34 1032.5 656.0
1428 34 1032.5 656.0
1440 34 1032.5 656.0
1452 34 1032.5 656.0
1464 34 1032.5 656.0
1236 36 639.0 1034.0
1248 36 637.0 1034.0
1260 36 633.0 1034.0
1272 36 631.0 1030.0
1284 36 628.0 1021.5
1296 36 624.0 1015.0
1308 36 620.0 1007.0
1320 36 616.5 1001.0
1332 36 603.5 999.0
1344 36 592.0 999.0
1356 36 581.0 1001.0
1368 36 568.0 1001.0
1380 36 552.0 1003.0
1392 36 528.0 1003.0
1404 36 503.0 1007.0
1416 36 481.0 1007.0
1428 36 459.0 999.0
1440 36 439.0 990.5
1452 36 416.0 982.0
1464 36 389.0 982.0
1236 38 666.5 1013.0
1248 38 664.5 1011.0
1260 38 662.0 1009.0
1272 38 659.0 1005.0
1284 38 650.0 988.0
1296 38 640.5 976.0
1308 38 631.0 960.0
1320 38 624.0 947.0
1332 38 609.0 947.0
1344 38 596.0 951.0
1356 38 581.0 951.0
1368 38 563.0 951.0
1380 38 544.0 951.0
1392 38 526.0 951.0
1404 38 507.0 951.0
1416 38 485.0 951.0
1428 38 464.5 939.0
1440 38 442.0 943.0
1452 38 418.0 947.0
1464 38 390.5 943.0
1236 43 784.0 883.0
1248 43 793.5 879.0
1260 43 804.5 875.0
1272 43 814.0 871.0
1284 43 823.0 871.0
1296 43 834.0 867.0
1308 43 843.5 862.5
1320 43 852.5 858.0
1332 43 864.0 854.0
1344 43 871.0 850.0
1356 43 878.5 842.0
1368 43 886.0 833.5
1380 43 893.5 829.5
1392 43 899.0 821.0
1404 43 906.5 813.0
1416 43 915.5 809.0
1428 43 925.0 809.0
1440 43 934.0 805.0
1452 43 943.5 805.0
1464 43 953.0 800.5
1236 56 270.0 757.0
1248 56 270.0 757.0
1260 56 270.0 757.0
1272 56 270.0 757.0
1284 56 270.0 757.0
1296 56 270.0 757.0
1308 56 270.0 757.0
1320 56 270.0 757.0
1332 56 270.0 757.0
1344 56 270.0 757.0
1356 56 270.0 757.0
1368 56 270.0 757.0
1380 56 270.0 757.0
1392 56 270.0 757.0
1404 56 270.0 757.0
1416 56 270.0 757.0
1428 56 270.0 757.0
1440 56 270.0 757.0
1452 56 270.0 757.0
1464 56 270.0 757.0
1272 88 291.91 1115.17
1284 88 291.35 1114.84
1296 88 290.78 1114.5
1308 88 290.22 1114.17
1320 88 289.65 1113.83
1332 88 289.09 1113.49
1344 88 288.53 1113.16
1356 88 287.96 1112.82
1368 88 287.4 1112.49
1380 88 286.84 1112.15
1392 88 286.27 1111.82
1404 88 285.71 1111.48
1416 88 285.14 1111.15
1428 88 284.58 1110.81
1440 88 284.02 1110.47
1452 88 283.45 1110.14
1464 88 282.89 1109.8
1476 88 282.33 1109.47
1488 88 281.76 1109.13
1500 88 281.2 1108.8
1284 83 1179.0 1015.0
1296 83 1179.0 1015.0
1308 83 1179.0 1015.0
1320 83 1179.0 1015.0
1332 83 1179.0 1015.0
1344 83 1179.0 1015.0
1356 83 1179.0 1015.0
1368 83 1179.0 1015.0
1380 83 1179.0 1015.0
1392 83 1179.0 1015.0
1404 83 1179.0 1015.0
1416 83 1179.0 1015.0
1428 83 1179.0 1015.0
1440 83 1179.0 1015.0
1452 83 1179.0 1015.0
1464 83 1179.0 1015.0
1476 83 1179.0 1015.0
1488 83 1179.0 1015.0
1500 83 1179.0 1015.0
1512 83 1179.0 1015.0
1308 50 497.0 1127.0
1320 50 508.0 1127.0
1332 50 519.0 1127.0
1344 50 530.0 1127.0
1356 50 542.0 1122.5
1368 50 557.0 1122.5
1380 50 570.0 1122.5
1392 50 585.0 1118.5
1404 50 596.0 1118.5
1416 50 609.0 1118.5
1428 50 620.0 1118.5
1440 50 632.75 1118.65
1452 50 644.13 1118.99
1464 50 655.52 1119.34
1476 50 666.91 1119.69
1488 50 678.3 1120.04
1500 50 689.69 1120.39
1512 50 701.08 1120.74
1524 50 712.47 1121.09
1536 50 723.86 1121.44
1392 79 11.5 978.0
1404 79 23.0 978.0
1416 79 33.0 980.0
1428 79 44.0 980.0
1440 79 57.0 984.0
1452 79 68.0 992.5
1464 79 81.0 997.0
1476 79 94.0 1001.0
1488 79 105.0 1005.0
1500 79 116.0 1009.0
1512 79 127.5 1005.0
1524 79 138.5 1003.0
1536 79 150.5 1003.0
1548 79 162.5 1001.0
1560 79 174.5 1001.0
1572 79 185.5 999.0
1584 79 197.5 999.0
1596 79 210.0 997.0
1608 79 221.0 997.0
1620 79 233.0 994.5
1404 41 952.0 712.0
1416 41 935.0 712.0
1428 41 920.5 712.0
1440 41 903.5 712.0
1452 41 889.0 712.0
1464 41 872.0 712.0
1476 41 857.5 712.0
1488 41 840.5 712.0
1500 41 826.0 712.0
1512 41 813.0 714.0
1524 41 801.0 720.0
1536 41 789.5 722.5
1548 41 776.5 726.5
1560 41 764.0 726.5
1572 41 750.0 726.5
1584 41 737.0 726.5
1596 41 722.0 726.5
1608 41 709.0 726.5
1620 41 694.5 722.5
1632 41 679.5 722.5
1440 66 246.5 714.0
1452 66 245.5 714.0
1464 66 245.5 714.0
1476 66 245.0 714.0
1488 66 245.0 714.0
1500 66 245.0 714.0
1512 66 243.5 714.0
1524 66 243.5 714.0
1536 66 243.5 714.0
1548 66 243.5 716.0
1560 66 243.5 716.0
1572 66 243.5 716.0
1584 66 242.5 718.0
1596 66 242.5 718.0
1608 66 241.5 718.0
1620 66 241.5 720.0
1632 66 241.5 720.0
1644 66 241.5 720.0
1656 66 241.5 722.0
1668 66 240.5 722.0
1440 76 156.0 714.0
1452 76 156.0 714.0
1464 76 156.0 714.0
1476 76 156.0 714.0
1488 76 156.0 714.0
1500 76 156.0 714.0
1512 76 156.0 714.0
1524 76 157.0 714.0
1536 76 159.0 714.0
1548 76 160.0 718.0
1560 76 160.0 718.0
1572 76 162.0 718.0
1584 76 163.0 722.0
1596 76 163.5 722.0
1608 76 165.0 722.0
1620 76 165.0 726.0
1632 76 166.0 726.0
1644 76 168.0 726.0
1656 76 169.0 726.0
1668 76 170.0 730.5
1476 44 962.0 800.5
1488 44 971.5 796.5
1500 44 980.5 796.5
1512 44 989.0 790.0
1524 44 997.5 786.0
1536 44 1006.5 782.0
1548 44 1014.5 778.0
1560 44 1024.0 776.0
1572 44 1033.5 767.5
1584 44 1044.5 759.0
1596 44 1053.5 755.0
1608 44 1063.0 751.0
1620 44 1072.0 747.0
1632 44 1079.5 738.5
1644 44 1089.0 730.5
1656 44 1100.0 730.5
1668 44 1113.0 734.5
1680 44 1126.0 743.0
1692 44 1133.5 734.5
1704 44 1142.5 730.5
1476 57 270.0 757.0
1488 57 270.0 757.0
1500 57 270.0 757.0
1512 57 270.0 755.0
1524 57 270.0 755.0
1536 57 270.0 755.0
1548 57 270.0 753.0
1560 57 270.0 753.0
1572 57 270.0 753.0
1584 57 270.0 753.0
1596 57 270.0 751.0
1608 57 270.0 751.0
1620 57 270.0 751.0
1632 57 270.0 753.0
1644 57 270.0 751.0
1656 57 270.0 751.0
1668 57 270.0 751.0
1680 57 270.0 751.0
1692 57 270.0 749.0
1704 57 270.0 749.0
1500 46 967.5 1116.5
1512 46 957.5 1112.5
1524 46 948.0 1108.5
1536 46 938.0 1106.5
1548 46 928.5 1106.5
1560 46 919.5 1106.5
1572 46 909.5 1106.5
1584 46 899.0 1106.5
1596 46 889.0 1106.5
1608 46 876.51 1108.42
1620 46 862.52 1110.97
1632 46 848.53 1113.52
1644 46 834.54 1116.08
1656 46 820.55 1118.63
1668 46 806.56 1121.19
1680 46 792.57 1123.74
1692 46 778.58 1126.3
1704 46 764.59 1128.85
1716 46 750.6 1131.41
1728 46 736.61 1133.96
1500 48 917.0 1104.5
1512 48 909.0 1099.5
1524 48 904.0 1099.5
1536 48 898.0 1099.5
1548 48 889.0 1095.5
1560 48 879.5 1095.5
1572 48 870.0 1091.5
1584 48 861.0 1091.5
1596 48 852.0 1087.5
1608 48 842.5 1087.5
1620 48 820.0 1083.5
1632 48 796.0 1083.5
1644 48 770.0 1083.5
1656 48 755.5 1079.5
1668 48 752.0 1079.5
1680 48 748.0 1079.5
1692 48 744.0 1079.5
1704 48 741.0 1079.5
1716 48 735.0 1079.5
1728 48 731.0 1079.5
1500 51 705.5 1081.5
1512 51 698.0 1081.5
1524 51 690.5 1085.5
1536 51 685.0 1085.5
1548 51 677.5 1089.5
1560 51 672.0 1089.5
1572 51 664.5 1094.0
1584 51 657.0 1094.0
1596 51 651.5 1098.0
1608 51 644.5 1098.0
1620 51 633.0 1098.0
1632 51 620.0 1098.0
1644 51 609.0 1098.0
1656 51 596.0 1098.0
1668 51 583.0 1098.0
1680 51 572.0 1094.0
1692 51 559.0 1094.0
1704 51 546.0 1094.0
1716 51 535.0 1094.0
1728 51 522.0 1094.0
1500 53 34.0 1064.5
1512 53 34.0 1064.5
1524 53 34.0 1064.5
1536 53 34.5 1064.5
1548 53 34.5 1064.5
1560 53 34.5 1064.5
1572 53 36.5 1060.5
1584 53 36.5 1056.5
1596 53 34.5 1052.5
1608 53 34.5 1052.5
1620 53 34.5 1052.5
1632 53 34.5 1052.5
1644 53 34.5 1052.5
1656 53 34.5 1052.5
1668 53 34.5 1052.5
1680 53 34.5 1052.5
1692 53 34.5 1052.5
1704 53 34.5 1052.5
1716 53 34.5 1052.5
1728 53 33.0 1048.5
1512 89 280.63 1108.46
1524 89 280.07 1108.13
1536 89 279.51 1107.79
1548 89 278.94 1107.45
1560 89 278.38 1107.12
1572 89 277.82 1106.78
1584 89 277.25 1106.45
1596 89 276.69 1106.11
1608 89 271.0 1106.0
1620 89 261.5 1108.5
1632 89 254.5 1112.5
1644 89 247.0 1114.5
1656 89 238.22 1114.35
1668 89 230.02 1114.1
1680 89 221.82 1113.85
1692 89 213.62 1113.6
1704 89 205.42 1113.35
1716 89 197.22 1113.1
1728 89 189.02 1112.85
1740 89 180.82 1112.59
1524 84 1179.0 1015.0
1536 84 1179.0 1015.0
1548 84 1179.0 1015.0
1560 84 1179.0 1015.0
1572 84 1180.0 1015.0
1584 84 1180.0 1017.0
1596 84 1180.0 1017.0
1608 84 1180.0 1017.0
1620 84 1180.0 1017.0
1632 84 1180.0 1017.0
1644 84 1180.5 1017.0
1656 84 1180.5 1017.0
1668 84 1180.5 1019.5
1680 84 1180.5 1019.5
1692 84 1180.5 1019.5
1704 84 1180.5 1019.5
1716 84 1181.5 1019.5
1728 84 1181.5 1019.5
1740 84 1181.5 1019.5
1752 84 1181.5 1021.5
1632 80 244.0 994.5
1644 80 253.5 999.0
1656 80 259.0 1011.0
1668 80 264.5 1023.5
1680 80 270.0 1036.0
1692 80 281.0 1046.5
1704 80 294.0 1058.5
1716 80 309.0 1062.5
1728 80 322.0 1062.5
1740 80 333.0 1062.5
1752 80 344.0 1062.5
1764 80 355.5 1062.5
1776 80 366.5 1062.5
1788 80 379.5 1058.5
1800 80 392.5 1058.5
1812 80 405.5 1054.5
1824 80 418.5 1054.5
1836 80 429.5 1050.5
1848 80 440.5 1050.5
1860 80 451.5 1046.5
1680 67 240.5 722.0
1692 67 240.5 722.0
1704 67 239.5 724.0
1716 67 239.5 724.0
1728 67 239.5 724.0
1740 67 239.5 726.0
1752 67 238.5 726.0
1764 67 238.5 726.0
1776 67 238.5 728.5
1788 67 238.5 728.5
1800 67 238.5 728.5
1812 67 237.5 730.5
1824 67 237.5 730.5
1836 67 236.5 730.5
1848 67 236.5 732.5
1860 67 236.5 732.5
1872 67 236.5 732.5
1884 67 236.5 732.5
1896 67 236.5 734.5
1908 67 235.5 734.5
1680 77 171.0 730.5
1692 77 172.0 730.5
1704 77 173.5 734.5
1716 77 173.5 734.5
1728 77 173.5 734.5
1740 77 173.5 734.5
1752 77 173.5 734.5
1764 77 173.5 734.5
1776 77 173.5 734.5
1788 77 173.5 734.5
1800 77 173.5 734.5
1812 77 173.5 734.5
1824 77 173.5 734.5
1836 77 173.5 734.5
1848 77 173.5 734.5
1860 77 173.5 734.5
1872 77 173.5 734.5
1884 77 173.5 734.5
1896 77 173.5 734.5
1908 77 173.5 734.5
1716 45 1154.0 730.5
1728 45 1165.0 730.5
1740 45 1176.0 734.5
1752 45 1187.0 738.5
1764 45 1204.0 738.5
1776 45 1215.0 738.5
1788 45 1220.5 738.5
1800 45 1236.5 738.5
1812 45 1254.5 747.0
1824 45 1252.0 747.0
1836 45 1257.5 747.0
1848 45 1270.5 749.0
1860 45 1268.5 747.0
1872 45 1268.5 747.0
1884 45 1268.5 747.0
1896 45 1268.5 747.0
1908 45 1268.5 747.0
1920 45 1268.5 747.0
1932 45 1268.5 747.0
1944 45 1268.5 747.0
1716 58 270.0 749.0
1728 58 270.0 747.0
1740 58 270.0 747.0
1752 58 270.0 749.0
1764 58 270.0 749.0
1776 58 270.0 747.0
1788 58 270.0 747.0
1800 58 270.0 747.0
1812 58 270.0 747.0
1824 58 270.0 744.5
1836 58 270.0 744.5
1848 58 270.0 744.5
1860 58 270.0 744.5
1872 58 270.0 742.5
1884 58 270.0 744.5
1896 58 270.0 744.5
1908 58 270.0 744.5
1920 58 270.0 742.5
1932 58 270.0 742.5
1944 58 270.0 742.5
1740 47 722.62 1136.51
1752 47 708.63 1139.07
1764 47 694.64 1141.62
1776 47 680.65 1144.18
1788 47 666.66 1146.73
1800 47 652.67 1149.29
1812 47 642.5 1145.5
1824 47 633.0 1141.5
1836 47 624.0 1137.0
1848 47 614.5 1137.0
1860 47 603.5 1133.0
1872 47 594.5 1128.5
1884 47 585.0 1124.5
1896 47 575.5 1124.5
1908 47 564.5 1124.5
1920 47 553.5 1124.5
1932 47 540.5 1120.5
1944 47 529.5 1120.5
1956 47 518.5 1120.5
1968 47 503.5 1112.5
1740 49 728.0 1079.5
1752 49 724.0 1079.5
1764 49 718.0 1079.5
1776 49 715.0 1079.5
1788 49 703.5 1075.5
1800 49 689.0 1075.5
1812 49 672.0 1071.5
1824 49 659.0 1071.5
1836 49 653.5 1071.5
1848 49 646.0 1071.5
1860 49 640.5 1071.5
1872 49 633.0 1071.5
1884 49 625.0 1069.0
1896 49 614.5 1069.0
1908 49 603.5 1069.0
1920 49 594.5 1071.0
1932 49 579.5 1071.0
1944 49 568.5 1071.0
1956 49 559.0 1075.5
1968 49 549.5 1075.5
1740 52 511.0 1094.0
1752 52 496.0 1094.0
1764 52 481.0 1094.0
1776 52 466.5 1098.0
1788 52 451.5 1098.0
1800 52 438.34 1097.96
1812 52 436.38 1097.49
1824 52 434.42 1097.01
1836 52 432.46 1096.53
1848 52 430.5 1096.06
1860 52 428.53 1095.58
1872 52 426.57 1095.11
1884 52 424.61 1094.63
1896 52 422.65 1094.16
1908 52 405.0 1089.5
1920 52 383.0 1089.5
1932 52 361.0 1085.5
1944 52 338.5 1085.5
1956 52 316.5 1085.5
1968 52 294.0 1081.5
1740 54 33.0 1048.5
1752 54 33.0 1048.5
1764 54 33.0 1048.5
1776 54 33.0 1048.5
1788 54 33.0 1048.5
1800 54 33.0 1048.5
1812 54 33.0 1048.5
1824 54 33.0 1048.5
1836 54 33.0 1048.5
1848 54 33.0 1048.5
1860 54 33.0 1048.5
1872 54 31.0 1044.5
1884 54 31.0 1044.5
1896 54 31.0 1044.5
1908 54 31.0 1044.5
1920 54 31.0 1044.5
1932 54 31.0 1044.5
1944 54 31.0 1044.5
1956 54 31.0 1044.5
1968 54 31.0 1044.5
1752 90 172.63 1112.34
1764 90 164.43 1112.09
1776 90 156.23 1111.84
1788 90 148.03 1111.59
1800 90 139.83 1111.34
1812 90 131.63 1111.09
1824 90 123.43 1110.84
1836 90 115.23 1110.58
1848 90 112.5 1110.5
1860 90 114.56 1110.56
1872 90 114.74 1110.74
1884 90 114.92 1110.92
1896 90 115.1 1111.1
1908 90 115.28 1111.28
1920 90 115.46 1111.46
1932 90 115.64 1111.64
1944 90 115.82 1111.82
1956 90 116.0 1112.0
1968 90 116.18 1112.18
1980 90 116.35 1112.35
1764 85 1181.5 1021.5
1776 85 1181.5 1021.5
1788 85 1182.5 1021.5
1800 85 1182.5 1021.5
1812 85 1182.5 1021.5
1824 85 1182.5 1021.5
1836 85 1182.5 1023.5
1848 85 1182.5 1023.5
1860 85 1183.5 1023.5
1872 85 1183.5 1023.5
1884 85 1183.5 1023.5
1896 85 1183.5 1023.5
1908 85 1183.5 1023.5
1920 85 1183.5 1025.5
1932 85 1184.5 1025.5
1944 85 1184.5 1025.5
1956 85 1184.5 1025.5
1968 85 1184.5 1025.5
1980 85 1184.5 1025.5
1992 85 1184.5 1025.5
1872 81 462.5 1046.5
1884 81 473.5 1042.5
1896 81 485.0 1042.5
1908 81 496.0 1038.0
1920 81 507.0 1038.0
1932 81 518.5 1038.0
1944 81 531.5 1038.0
1956 81 544.5 1038.0
1968 81 557.5 1042.5
1980 81 568.5 1042.5
1992 81 581.5 1042.5
2004 81 592.5 1050.5
2016 81 600.5 1069.0
2028 81 612.0 1085.5
2040 81 619.5 1089.5
2052 81 626.5 1102.0
2064 81 632.0 1102.0
2076 81 641.5 1102.0
2088 81 645.0 1102.0
2100 81 660.26 1103.42
1920 68 234.5 734.5
1932 68 234.5 736.5
1944 68 234.5 736.5
1956 68 234.5 736.5
1968 68 234.5 738.5
1980 68 234.5 738.5
1992 68 234.5 738.5
2004 68 234.5 738.5
2016 68 234.5 738.5
2028 68 235.5 738.5
2040 68 235.5 740.5
2052 68 236.5 738.5
2064 68 236.5 738.5
2076 68 238.5 740.5
2088 68 238.5 738.5
2100 68 239.5 738.5
2112 68 240.5 740.5
2124 68 240.5 738.5
2136 68 242.0 741.0
2148 68 242.0 741.0
1920 78 173.5 734.5
1932 78 173.5 734.5
1944 78 173.5 734.5
1956 78 173.5 734.5
1968 78 173.5 734.5
1980 78 173.5 734.5
1992 78 173.5 734.5
2004 78 173.0 734.5
2016 78 173.0 734.5
2028 78 173.0 734.5
2040 78 173.0 734.5
2052 78 174.0 736.5
2064 78 174.0 736.5
2076 78 174.0 736.5
2088 78 174.0 739.0
2100 78 174.0 739.0
2112 78 175.0 739.0
2124 78 175.0 741.0
2136 78 175.0 741.0
2148 78 175.0 741.0
1944 69 1039.0 699.5
1956 69 1044.5 699.5
1968 69 1051.5 699.5
1980 69 1059.5 699.5
1992 69 1064.5 699.5
2004 69 1072.5 699.5
2016 69 1081.5 705.5
2028 69 1089.0 709.5
2040 69 1098.5 709.5
2052 69 1109.5 709.5
2064 69 1120.5 714.0
2076 69 1133.5 714.0
2088 69 1144.5 714.0
2100 69 1153.5 714.0
2112 69 1163.0 714.0
2124 69 1170.5 722.0
2136 69 1185.5 726.5
2148 69 1196.5 726.5
2160 69 1209.5 726.5
2172 69 1222.5 726.5
1956 59 270.0 740.5
1968 59 270.0 740.5
1980 59 270.0 740.5
1992 59 270.0 740.5
2004 59 270.0 740.5
2016 59 270.0 740.5
2028 59 270.0 742.5
2040 59 270.0 740.5
2052 59 270.0 742.5
2064 59 270.0 740.5
2076 59 270.0 742.5
2088 59 270.0 740.5
2100 59 270.0 740.5
2112 59 269.0 743.0
2124 59 269.0 741.0
2136 59 269.0 743.0
2148 59 269.0 741.0
2160 59 269.0 743.0
2172 59 269.0 743.0
2184 59 269.0 743.0