0 45 610.5 1748.5
12 45 602.5 1736.5
24 45 594.5 1727.5
36 45 589.0 1715.5
48 45 583.0 1702.5
60 45 577.0 1690.0
72 45 571.0 1677.5
84 45 565.0 1664.5
96 45 561.0 1652.5
108 45 559.0 1643.5
120 45 559.0 1631.5
132 45 557.0 1618.5
144 45 555.0 1610.5
156 45 551.0 1597.5
168 45 545.0 1589.5
180 45 537.0 1576.5
192 45 531.0 1568.5
204 45 525.5 1556.0
216 45 519.5 1543.5
228 45 513.5 1535.0
0 18 1172.0 1447.0
12 18 1156.0 1447.0
24 18 1140.0 1447.0
36 18 1124.5 1447.0
48 18 1108.5 1455.5
60 18 1093.0 1463.5
72 18 1079.0 1468.0
84 18 1063.0 1476.5
96 18 1047.0 1484.5
108 18 1031.0 1489.0
120 18 1015.5 1497.5
132 18 1000.0 1505.5
144 18 984.0 1514.0
156 18 970.0 1518.5
168 18 954.0 1526.5
180 18 938.0 1535.0
192 18 922.5 1543.5
204 18 908.5 1547.5
216 18 893.0 1556.0
228 18 877.0 1564.5
0 21 203.5 1482.5
12 21 199.5 1470.5
24 21 197.5 1457.5
36 21 193.5 1444.5
48 21 191.5 1432.5
60 21 188.0 1419.5
72 21 186.0 1407.5
84 21 182.0 1394.5
96 21 180.0 1382.5
108 21 180.0 1365.5
120 21 182.0 1344.5
132 21 182.0 1323.5
144 21 184.0 1302.5
156 21 186.0 1285.5
168 21 186.0 1268.5
180 21 186.0 1252.5
192 21 188.0 1235.5
204 21 188.0 1218.5
216 21 190.0 1206.5
228 21 191.5 1193.5
144 7 1399.0 1462.0
156 7 1385.0 1462.0
168 7 1371.0 1462.0
180 7 1357.0 1462.0
192 7 1343.0 1462.0
204 7 1327.5 1462.0
216 7 1313.5 1466.0
228 7 1298.0 1466.0
240 7 1296.0 1470.0
252 7 1296.0 1470.0
264 7 1276.0 1470.0
276 7 1236.5 1474.0
288 7 1216.5 1470.0
300 7 1197.0 1470.0
312 7 1181.0 1470.0
324 7 1167.0 1470.0
336 7 1155.0 1474.0
348 7 1141.0 1474.0
360 7 1127.5 1478.5
372 7 1113.5 1483.0
192 27 1370.0 1183.0
204 27 1318.5 1183.0
216 27 1269.0 1183.0
228 27 1217.5 1179.0
240 27 1166.0 1179.0
252 27 1118.5 1170.5
264 27 1071.0 1158.0
276 27 1025.5 1149.5
288 27 978.0 1137.0
300 27 930.5 1124.5
312 27 893.0 1103.5
324 27 861.0 1074.0
336 27 831.5 1049.0
348 27 799.5 1019.5
360 27 768.0 990.5
372 27 737.0 946.5
384 27 705.5 883.5
396 27 684.0 827.0
408 27 676.0 782.5
420 27 658.0 720.5
240 46 507.5 1522.5
252 46 503.5 1514.0
264 46 497.5 1501.5
276 46 493.5 1493.5
288 46 488.0 1480.5
300 46 484.0 1468.0
312 46 482.0 1455.5
324 46 478.0 1447.0
336 46 474.0 1434.5
348 46 472.0 1421.5
360 46 466.0 1413.5
372 46 460.0 1400.5
384 46 452.0 1392.5
396 46 446.0 1380.0
408 46 440.0 1371.5
420 46 436.0 1359.0
432 46 430.0 1350.5
444 46 426.5 1338.0
456 46 422.5 1325.5
468 46 418.5 1313.0
240 19 863.0 1572.5
252 19 847.0 1576.5
264 19 833.0 1585.5
276 19 817.5 1593.5
288 19 802.0 1597.5
300 19 788.0 1606.5
312 19 772.0 1614.5
324 19 756.0 1618.5
336 19 740.0 1623.0
348 19 722.5 1627.5
360 19 706.5 1635.5
372 19 691.0 1639.5
384 19 675.0 1644.0
396 19 657.0 1648.0
408 19 641.0 1648.0
420 19 625.0 1648.0
432 19 609.5 1644.0
444 19 594.0 1644.0
456 19 578.0 1639.5
468 19 562.0 1639.5
240 22 193.5 1176.5
252 22 193.5 1164.5
264 22 195.5 1147.5
276 22 197.5 1134.5
288 22 199.5 1122.5
300 22 201.5 1109.5
312 22 207.5 1092.5
324 22 213.5 1080.5
336 22 219.0 1067.5
348 22 225.0 1051.5
360 22 231.0 1038.5
372 22 237.0 1025.5
384 22 243.0 1009.5
396 22 249.0 996.5
408 22 253.0 984.5
420 22 257.0 971.5
432 22 261.0 954.5
444 22 267.0 942.5
456 22 271.0 929.5
468 22 271.0 912.5
336 35 541.0 1734.0
348 35 541.0 1721.5
360 35 541.0 1704.5
372 35 541.0 1692.0
384 35 541.0 1679.5
396 35 541.0 1662.5
408 35 539.0 1646.0
420 35 539.0 1629.5
432 35 537.0 1604.0
444 35 537.0 1583.0
456 35 533.0 1562.5
468 35 527.5 1545.5
480 35 521.5 1524.5
492 35 515.5 1507.5
504 35 509.5 1491.0
516 35 502.5 1478.5
528 35 494.5 1464.0
540 35 488.5 1451.0
552 35 481.0 1436.5
564 35 473.0 1422.0
384 8 1100.0 1487.0
396 8 1084.0 1495.0
408 8 1068.0 1503.5
420 8 1048.0 1508.0
432 8 1028.5 1512.0
444 8 1012.5 1516.0
456 8 999.0 1520.0
468 8 983.0 1524.5
480 8 967.0 1529.0
492 8 953.0 1537.0
504 8 935.0 1537.0
516 8 920.5 1543.5
528 8 905.5 1551.5
540 8 891.5 1560.5
552 8 878.0 1560.5
564 8 866.0 1560.5
576 8 852.0 1562.5
588 8 840.0 1562.5
600 8 826.5 1575.0
612 8 812.5 1589.5
420 39 725.5 1830.0
432 39 729.5 1809.5
444 39 733.5 1788.5
456 39 739.5 1772.0
468 39 743.0 1755.0
480 39 747.0 1738.0
492 39 757.0 1726.0
504 39 767.0 1719.0
516 39 778.0 1713.0
528 39 788.0 1706.5
540 39 798.5 1700.5
552 39 809.5 1692.0
564 39 823.5 1679.5
576 39 837.0 1671.0
588 39 849.0 1656.5
600 39 862.0 1644.0
612 39 875.0 1629.0
624 39 887.0 1616.5
636 39 900.5 1600.0
648 39 912.5 1587.5
480 47 412.5 1304.5
492 47 408.5 1292.0
504 47 406.5 1279.5
516 47 407.5 1271.0
528 47 409.5 1262.5
540 47 412.5 1254.0
552 47 413.5 1246.0
564 47 415.5 1237.5
576 47 415.5 1227.0
588 47 411.5 1210.5
600 47 407.5 1197.5
612 47 403.5 1181.0
624 47 399.5 1164.0
636 47 395.5 1151.5
648 47 391.5 1135.0
660 47 387.5 1122.5
672 47 383.5 1105.5
684 47 382.0 1097.0
696 47 378.0 1084.5
708 47 374.0 1076.0
480 20 546.0 1639.5
492 20 528.0 1639.5
504 20 512.5 1635.5
516 20 497.5 1631.5
528 20 483.0 1627.5
540 20 467.0 1623.0
552 20 452.0 1614.5
564 20 436.0 1610.5
576 20 420.5 1604.5
588 20 402.5 1595.5
600 20 386.5 1591.5
612 20 371.0 1583.5
624 20 355.0 1576.5
636 20 343.0 1564.5
648 20 330.5 1551.5
660 20 317.5 1543.5
672 20 303.5 1530.5
684 20 289.5 1526.5
696 20 274.0 1522.5
708 20 258.0 1518.5
480 23 271.0 891.5
492 23 271.0 875.5
504 23 269.0 856.5
516 23 265.0 843.5
528 23 261.0 829.0
540 23 257.0 818.5
552 23 253.0 804.0
564 23 249.0 791.0
576 23 245.0 779.0
588 23 241.0 766.0
600 23 238.0 756.0
612 23 234.0 743.0
624 23 230.0 735.0
636 23 226.5 722.0
648 23 222.5 714.0
660 23 218.5 705.5
672 23 214.5 693.0
684 23 210.5 689.0
696 23 206.5 680.0
708 23 202.5 672.0
576 36 466.0 1409.0
588 36 458.0 1392.5
600 36 452.0 1380.0
612 36 444.0 1367.5
624 36 438.0 1350.5
636 36 430.5 1338.0
648 36 424.5 1325.5
660 36 416.5 1309.0
672 36 410.5 1296.0
684 36 408.5 1279.5
696 36 406.5 1262.5
708 36 402.5 1246.0
720 36 400.5 1229.0
732 36 396.5 1212.5
744 36 394.5 1195.5
756 36 390.5 1174.5
768 36 388.5 1158.0
780 36 384.5 1137.0
792 36 381.0 1120.0
804 36 375.0 1112.0
624 9 798.5 1604.0
636 9 783.0 1616.5
648 9 767.0 1625.0
660 9 751.0 1637.5
672 9 731.5 1637.5
684 9 713.5 1637.5
696 9 695.5 1637.5
708 9 678.0 1637.5
720 9 662.0 1633.5
732 9 646.0 1633.5
744 9 630.5 1629.5
756 9 614.5 1625.0
768 9 602.5 1621.0
780 9 588.5 1616.5
792 9 575.0 1612.5
804 9 557.0 1616.5
816 9 539.0 1621.0
828 9 521.5 1625.0
840 9 505.5 1629.5
852 9 489.5 1625.0
660 40 924.5 1575.0
672 40 936.5 1562.0
684 40 948.0 1549.5
696 40 960.0 1537.0
708 40 970.0 1524.5
720 40 982.0 1516.0
732 40 992.0 1503.5
744 40 1001.5 1491.0
756 40 1011.5 1478.5
768 40 1021.5 1466.0
780 40 1029.5 1449.0
792 40 1037.5 1432.5
804 40 1047.0 1420.0
816 40 1055.0 1403.0
828 40 1063.0 1386.0
840 40 1075.0 1373.5
852 40 1089.0 1365.5
864 40 1102.5 1357.0
876 40 1116.5 1348.5
888 40 1131.5 1344.5
720 48 372.0 1063.5
732 48 368.0 1055.5
744 48 366.0 1042.5
756 48 362.0 1034.5
768 48 358.0 1021.5
780 48 356.0 1013.5
792 48 354.0 1001.0
804 48 354.0 988.5
816 48 354.0 980.0
828 48 355.0 967.5
840 48 356.0 954.5
852 48 356.0 942.0
864 48 357.0 929.5
876 48 357.0 921.0
888 48 357.0 908.5
900 48 359.0 900.5
912 48 361.0 887.5
924 48 365.0 879.5
936 48 367.0 866.5
948 48 369.0 858.5
792 34 685.0 797.5
804 34 665.0 797.5
816 34 649.0 802.0
828 34 633.5 802.0
840 34 617.5 806.0
852 34 601.5 806.0
864 34 578.0 806.0
876 34 550.0 802.0
888 34 524.5 799.5
900 34 502.5 795.5
912 34 483.5 787.0
924 34 466.0 783.0
936 34 449.0 774.5
948 34 425.5 762.0
960 34 403.5 745.5
972 34 379.5 732.5
984 34 353.0 724.5
996 34 327.5 711.5
1008 34 308.5 699.0
1020 34 287.5 686.5
816 37 367.0 1099.0
828 37 361.0 1091.0
840 37 353.0 1082.5
852 37 347.0 1070.0
864 37 345.0 1053.0
876 37 343.0 1036.5
888 37 339.0 1024.0
900 37 337.0 1007.0
912 37 333.0 990.5
924 37 331.0 973.5
936 37 325.5 957.0
948 37 321.5 940.0
960 37 315.5 923.5
972 37 309.5 906.5
984 37 305.5 890.0
996 37 299.5 873.0
1008 37 294.5 858.0
1020 37 289.5 848.0
1032 37 283.5 835.0
1044 37 277.5 825.0
864 10 476.0 1621.0
876 10 462.0 1616.5
888 10 448.0 1616.5
900 10 432.0 1612.5
912 10 414.5 1604.0
924 10 398.5 1600.0
936 10 382.5 1595.5
948 10 367.0 1591.5
960 10 351.0 1587.5
972 10 335.0 1583.0
984 10 321.5 1583.0
996 10 305.5 1579.0
1008 10 289.5 1575.0
1020 10 274.0 1568.5
1032 10 258.0 1564.5
1044 10 242.0 1558.0
1056 10 226.5 1553.5
1068 10 210.5 1545.5
1080 10 194.5 1541.5
1092 10 180.5 1535.0
900 41 1143.5 1336.0
912 41 1155.0 1327.5
924 41 1168.0 1323.5
936 41 1181.0 1315.0
948 41 1194.0 1311.0
960 41 1205.5 1300.5
972 41 1217.5 1285.5
984 41 1229.5 1273.0
996 41 1241.5 1260.5
1008 41 1251.0 1246.0
1020 41 1260.0 1233.5
1032 41 1271.0 1222.5
1044 41 1280.0 1210.5
1056 41 1290.0 1199.5
1068 41 1298.5 1187.5
1080 41 1309.5 1176.5
1092 41 1318.5 1164.5
1104 41 1330.5 1153.5
1116 41 1342.5 1149.5
1128 41 1360.0 1149.5
960 49 371.0 850.0
972 49 373.0 837.5
984 49 375.0 829.0
996 49 377.0 816.5
1008 49 379.0 804.0
1020 49 381.0 793.5
1032 49 382.5 783.0
1044 49 384.5 772.5
1056 49 386.5 762.0
1068 49 388.5 753.5
1080 49 389.5 743.5
1092 49 391.5 732.5
1104 49 393.5 722.5
1116 49 395.5 711.5
1128 49 397.5 701.5
1140 49 399.5 693.0
1152 49 401.5 680.5
1164 49 403.5 672.0
1176 49 404.5 659.5
1188 49 406.5 651.0
996 15 260.0 1002.5
1008 15 248.0 1002.5
1020 15 242.0 1007.5
1032 15 236.0 1009.5
1044 15 230.5 1011.5
1056 15 224.5 1013.5
1068 15 224.5 1013.5
1080 15 224.5 1013.5
1092 15 224.5 1013.5
1104 15 224.5 1013.5
1116 15 224.5 1013.5
1128 15 224.5 1013.5
1140 15 226.5 1013.5
1152 15 226.5 1013.5
1164 15 226.5 1013.5
1176 15 226.5 1013.5
1188 15 226.5 1009.5
1200 15 226.5 1009.5
1212 15 228.5 1009.5
1224 15 228.5 1009.5
1044 13 457.0 1759.0
1056 13 451.0 1746.5
1068 13 447.0 1734.0
1080 13 443.0 1721.5
1092 13 437.0 1705.0
1104 13 433.0 1692.0
1116 13 425.5 1679.5
1128 13 415.5 1671.0
1140 13 403.5 1663.0
1152 13 393.5 1654.0
1164 13 384.0 1646.0
1176 13 372.0 1638.0
1188 13 364.0 1629.0
1200 13 354.0 1621.0
1212 13 346.0 1612.5
1224 13 338.0 1604.0
1236 13 328.0 1596.0
1248 13 320.5 1587.0
1260 13 312.5 1581.0
1272 13 302.5 1568.5
1044 42 428.0 1778.0
1056 42 422.5 1765.0
1068 42 416.5 1753.0
1080 42 410.5 1740.0
1092 42 405.5 1732.0
1104 42 399.5 1719.0
1116 42 391.5 1711.0
1128 42 384.0 1703.0
1140 42 376.0 1694.0
1152 42 368.0 1690.0
1164 42 358.0 1682.0
1176 42 350.0 1673.0
1188 42 340.0 1669.0
1200 42 330.0 1661.0
1212 42 320.5 1656.0
1224 42 310.5 1652.0
1236 42 300.5 1644.0
1248 42 290.5 1640.0
1260 42 283.0 1636.0
1272 42 273.0 1623.0
1104 11 168.5 1526.5
1116 11 157.0 1518.5
1128 11 145.0 1509.5
1140 11 133.5 1505.5
1152 11 119.5 1497.5
1164 11 97.5 1493.5
1176 11 67.5 1488.5
1188 11 58.0 1480.5
1200 11 46.0 1468.0
1212 11 36.4 1459.38
1224 11 35.99 1458.91
1236 11 35.58 1458.43
1248 11 35.17 1457.95
1260 11 34.76 1457.48
1272 11 34.35 1457.0
1284 11 33.94 1456.53
1296 11 33.53 1456.05
1308 11 33.12 1455.58
1320 11 32.71 1455.1
1332 11 32.3 1454.63
1200 50 408.5 638.5
1212 50 408.5 625.5
1224 50 410.5 613.5
1236 50 412.5 600.5
1248 50 412.5 588.5
1260 50 414.5 575.5
1272 50 416.5 567.5
1284 50 416.5 554.5
1296 50 418.5 542.0
1308 50 420.5 529.5
1320 50 420.5 517.0
1332 50 422.5 504.5
1344 50 424.5 491.5
1356 50 424.5 479.5
1368 50 426.5 470.5
1380 50 426.5 458.5
1392 50 426.5 445.5
1404 50 428.5 433.0
1416 50 428.5 424.5
1428 50 428.5 412.5
1236 16 228.5 1009.5
1248 16 228.5 1009.5
1260 16 228.5 1009.5
1272 16 228.5 1009.5
1284 16 230.5 1009.5
1296 16 230.5 1009.5
1308 16 230.5 1005.0
1320 16 230.5 1005.0
1332 16 230.5 1005.0
1344 16 230.5 1005.0
1356 16 232.0 1005.0
1368 16 232.0 1005.0
1380 16 232.0 1005.0
1392 16 232.0 1005.0
1404 16 232.0 1005.0
1416 16 232.0 1005.0
1428 16 236.0 996.5
1440 16 240.0 992.5
1452 16 243.0 984.5
1464 16 247.0 975.5
1284 14 292.5 1560.0
1296 14 284.5 1552.0
1308 14 275.0 1543.0
1320 14 265.0 1535.0
1332 14 257.0 1527.0
1344 14 245.0 1522.0
1356 14 235.0 1514.0
1368 14 223.5 1506.0
1380 14 213.5 1497.0
1392 14 201.5 1493.0
1404 14 191.5 1485.0
1416 14 181.5 1481.0
1428 14 172.0 1472.0
1440 14 162.0 1468.0
1452 14 148.0 1460.0
1464 14 136.0 1455.0
1476 14 124.0 1447.0
1488 14 112.5 1443.0
1500 14 100.5 1439.0
1512 14 88.5 1453.0
1284 43 265.0 1615.0
1296 43 257.0 1606.0
1308 43 249.0 1598.0
1320 43 241.0 1585.0
1332 43 233.0 1577.0
1344 43 221.5 1573.0
1356 43 211.5 1568.5
1368 43 199.5 1564.0
1380 43 189.5 1560.0
1392 43 178.0 1552.0
1404 43 168.0 1548.0
1416 43 156.0 1535.0
1428 43 144.0 1527.0
1440 43 134.0 1518.0
1452 43 122.5 1510.0
1464 43 112.5 1506.0
1476 43 102.5 1501.0
1488 43 90.5 1497.0
1500 43 82.5 1493.0
1512 43 73.0 1485.0
1344 12 31.89 1454.15
1356 12 31.48 1453.68
1368 12 31.07 1453.2
1380 12 30.66 1452.73
1392 12 30.25 1452.25
1404 12 29.84 1451.77
1416 12 29.43 1451.3
1428 12 29.02 1450.82
1440 12 28.61 1450.35
1452 12 28.2 1449.87
1464 12 27.79 1449.4
1476 12 27.38 1448.92
1488 12 26.97 1448.45
1500 12 26.56 1447.97
1512 12 26.15 1447.5
1524 12 25.74 1447.02
1536 12 25.33 1446.55
1548 12 24.92 1446.07
1560 12 24.51 1445.59
1572 12 24.1 1445.12
1440 51 430.5 399.5
1452 51 430.5 387.0
1464 51 430.5 378.5
1476 51 432.5 366.0
1488 51 432.5 353.5
1500 51 434.5 345.5
1512 51 433.5 332.5
1524 51 433.5 322.0
1536 51 433.5 311.5
1548 51 433.5 299.0
1560 51 432.5 288.5
1572 51 433.5 278.0
1584 51 433.5 268.0
1596 51 433.5 255.0
1608 51 432.5 244.5
1620 51 432.5 234.0
1632 51 432.5 221.5
1644 51 433.0 211.0
1656 51 432.0 200.5
1668 51 432.0 190.5
1476 17 251.0 967.5
1488 17 255.0 958.5
1500 17 259.0 954.5
1512 17 259.0 933.5
1524 17 261.0 915.0
1536 17 263.0 896.0
1548 17 263.0 875.0
1560 17 265.0 858.5
1572 17 267.0 839.5
1584 17 269.0 821.0
1596 17 264.0 804.0
1608 17 252.0 787.0
1620 17 240.0 770.0
1632 17 230.0 754.0
1644 17 218.0 737.0
1656 17 206.5 720.0
1668 17 198.5 707.5
1680 17 188.5 695.0
1692 17 181.0 682.0
1704 17 173.0 670.0