24 18 1313.0 1480.0
36 18 1307.0 1445.0
48 18 1306.0 1426.0
60 18 1306.0 1409.0
72 18 1305.0 1388.5
84 18 1305.0 1371.5
96 18 1304.5 1355.0
108 18 1303.5 1336.0
120 18 1303.5 1319.5
132 18 1303.5 1302.5
144 18 1304.5 1285.5
156 18 1305.5 1273.0
168 18 1307.0 1256.5
180 18 1308.0 1239.5
192 18 1308.0 1227.0
204 18 1308.0 1210.5
216 18 1307.0 1193.5
228 18 1307.0 1176.5
240 18 1308.0 1164.0
252 18 1309.0 1156.0
108 20 252.5 887.5
120 20 241.5 887.5
132 20 230.5 892.0
144 20 219.5 892.0
156 20 208.5 896.0
168 20 197.5 900.5
180 20 193.5 900.5
192 20 192.0 904.5
204 20 190.0 904.5
216 20 188.5 908.5
228 20 186.5 913.0
240 20 184.5 913.0
252 20 182.5 917.0
264 20 181.0 917.0
276 20 179.0 921.5
288 20 177.5 925.5
300 20 175.5 925.5
312 20 175.5 929.5
324 20 175.5 929.5
336 20 175.5 929.5
120 21 1304.5 1507.5
132 21 1296.5 1474.5
144 21 1291.5 1440.5
156 21 1285.5 1407.5
168 21 1280.5 1373.5
180 21 1273.5 1344.5
192 21 1267.5 1311.0
204 21 1261.5 1277.5
216 21 1260.5 1252.5
228 21 1260.5 1223.0
240 21 1260.5 1197.5
252 21 1260.5 1172.5
264 21 1256.5 1147.5
276 21 1238.5 1130.5
288 21 1219.5 1114.0
300 21 1201.5 1097.0
312 21 1171.5 1084.5
324 21 1127.5 1076.5
336 21 1096.5 1072.0
348 21 1072.5 1072.0
336 2 530.0 1976.5
348 2 532.0 1952.0
360 2 533.5 1935.0
372 2 535.5 1918.5
384 2 539.0 1901.5
396 2 541.0 1884.5
408 2 544.5 1868.0
420 2 546.5 1851.5
432 2 550.0 1834.5
444 2 552.0 1817.5
456 2 554.0 1801.0
468 2 557.5 1784.5
480 2 559.5 1767.5
492 2 563.0 1750.5
504 2 565.0 1736.5
516 2 566.0 1723.5
528 2 567.0 1711.0
540 2 568.0 1698.5
552 2 568.5 1683.5
564 2 569.5 1673.0
360 22 1046.5 1068.0
372 22 1022.5 1068.0
384 22 996.5 1068.0
396 22 972.5 1063.5
408 22 947.5 1063.5
420 22 923.5 1063.5
432 22 897.5 1059.5
444 22 871.5 1059.5
456 22 847.5 1055.5
468 22 821.5 1055.5
480 22 797.5 1055.5
492 22 777.5 1030.5
504 22 758.5 1007.0
516 22 737.0 986.0
528 22 717.0 965.0
540 22 696.0 944.0
552 22 674.0 923.0
564 22 653.0 902.5
576 22 629.0 898.0
588 22 605.0 894.0
576 3 570.5 1652.5
588 3 570.5 1631.5
600 3 572.5 1610.5
612 3 572.5 1589.5
624 3 572.5 1564.5
636 3 574.0 1543.5
648 3 574.0 1522.5
660 3 576.0 1501.5
672 3 576.0 1489.0
684 3 578.0 1476.5
696 3 578.0 1464.0
708 3 579.5 1451.0
720 3 581.5 1443.0
732 3 581.5 1426.0
744 3 583.5 1413.5
756 3 583.5 1401.0
768 3 585.0 1388.5
780 3 585.0 1376.0
792 3 592.5 1355.0
804 3 600.0 1329.5
756 15 1319.0 1479.5
768 15 1298.0 1459.5
780 15 1296.0 1459.5
792 15 1270.5 1451.5
804 15 1255.5 1447.0
816 15 1241.0 1442.5
828 15 1226.0 1436.5
840 15 1211.5 1432.5
852 15 1196.5 1428.5
864 15 1180.0 1419.5
876 15 1163.5 1411.5
888 15 1147.0 1403.0
900 15 1130.5 1394.5
912 15 1113.5 1390.5
924 15 1097.0 1390.5
936 15 1078.5 1390.5
948 15 1062.0 1386.5
960 15 1045.5 1386.5
972 15 1029.0 1386.5
984 15 1010.5 1386.5
816 4 609.0 1306.5
828 4 616.5 1281.5
840 4 625.5 1256.5
852 4 635.0 1235.5
864 4 635.0 1214.5
876 4 635.0 1193.5
888 4 635.0 1177.0
900 4 636.5 1164.0
912 4 636.5 1147.5
924 4 638.5 1135.0
936 4 640.5 1122.0
948 4 642.5 1105.5
960 4 642.5 1093.0
972 4 644.0 1080.5
984 4 648.0 1063.5
996 4 653.5 1047.0
1008 4 655.0 1028.0
1020 4 657.0 1009.5
1032 4 658.0 988.5
1044 4 660.0 971.5
996 16 992.0 1386.5
1008 16 974.5 1384.5
1020 16 958.5 1384.0
1032 16 941.5 1382.0
1044 16 926.0 1382.0
1056 16 909.0 1382.0
1068 16 892.5 1380.0
1080 16 876.0 1377.5
1092 16 859.5 1377.5
1104 16 843.0 1373.5
1116 16 828.0 1373.5
1128 16 811.5 1373.5
1140 16 793.0 1369.5
1152 16 776.5 1369.5
1164 16 758.0 1369.5
1176 16 740.0 1369.5
1188 16 721.5 1369.5
1200 16 703.0 1369.5
1212 16 686.5 1369.5
1224 16 668.0 1369.5
1092 7 362.0 1103.5
1104 7 352.0 1111.5
1116 7 350.5 1124.5
1128 7 348.5 1141.5
1140 7 346.5 1153.5
1152 7 345.0 1166.5
1164 7 343.0 1183.0
1176 7 345.0 1195.5
1188 7 348.5 1212.5
1200 7 352.0 1229.5
1212 7 356.0 1246.0
1224 7 359.5 1258.5
1236 7 365.0 1275.5
1248 7 368.5 1292.0
1260 7 368.5 1304.5
1272 7 368.5 1321.5
1284 7 368.5 1333.5
1296 7 368.5 1350.5
1308 7 372.5 1363.5
1320 7 383.5 1380.0
1092 10 1300.5 1507.5
1104 10 1289.5 1503.5
1116 10 1277.0 1499.5
1128 10 1265.5 1491.0
1140 10 1253.0 1487.0
1152 10 1238.0 1478.5
1164 10 1223.0 1470.0
1176 10 1208.5 1466.0
1188 10 1195.5 1457.5
1200 10 1179.0 1453.5
1212 10 1162.5 1453.5
1224 10 1144.0 1453.5
1236 10 1127.5 1453.5
1248 10 1109.0 1449.0
1260 10 1092.5 1449.0
1272 10 1074.0 1449.0
1284 10 1057.5 1449.0
1296 10 1041.0 1449.0
1308 10 1024.5 1449.0
1320 10 1008.0 1449.0
1104 5 1304.5 619.5
1116 5 1298.5 611.0
1128 5 1293.5 607.0
1140 5 1287.5 607.0
1152 5 1286.3 608.13
1164 5 1286.82 610.05
1176 5 1287.33 611.98
1188 5 1287.85 613.91
1200 5 1288.36 615.84
1212 5 1288.88 617.77
1224 5 1289.4 619.7
1236 5 1289.91 621.63
1248 5 1290.43 623.56
1260 5 1290.94 625.49
1272 5 1291.46 627.41
1284 5 1291.98 629.34
1296 5 1292.49 631.27
1308 5 1293.01 633.2
1320 5 1293.52 635.13
1332 5 1294.04 637.06
1236 17 651.5 1369.5
1248 17 633.0 1369.5
1260 17 616.5 1369.5
1272 17 598.0 1369.5
1284 17 581.5 1369.5
1296 17 563.0 1369.5
1308 17 548.5 1365.5
1320 17 533.5 1365.5
1332 17 519.0 1365.5
1344 17 502.0 1365.5
1356 17 487.5 1361.5
1368 17 469.0 1361.5
1380 17 452.5 1361.5
1392 17 436.0 1361.5
1404 17 419.5 1361.5
1416 17 401.0 1361.5
1428 17 382.5 1365.5
1440 17 362.5 1373.5
1452 17 344.0 1377.5
1464 17 329.0 1373.5
1332 8 394.5 1388.5
1344 8 405.5 1401.0
1356 8 416.5 1409.5
1368 8 427.5 1417.5
1380 8 442.5 1421.5
1392 8 457.0 1430.5
1404 8 470.0 1434.5
1416 8 484.5 1442.5
1428 8 496.0 1451.5
1440 8 505.0 1463.5
1452 8 514.5 1476.5
1464 8 523.5 1489.0
1476 8 532.5 1501.5
1488 8 532.5 1514.0
1500 8 532.5 1526.5
1512 8 530.0 1539.5
1524 8 528.0 1554.0
1536 8 526.0 1568.5
1548 8 525.0 1583.0
1560 8 523.5 1598.0
1332 11 991.0 1449.0
1344 11 974.5 1449.0
1356 11 960.0 1449.0
1368 11 949.0 1449.0
1380 11 938.0 1449.0
1392 11 927.0 1449.0
1404 11 916.0 1449.0
1416 11 903.0 1445.0
1428 11 879.0 1436.5
1440 11 855.0 1428.0
1452 11 831.0 1419.5
1464 11 809.0 1415.5
1476 11 794.0 1415.5
1488 11 779.5 1419.5
1500 11 765.0 1424.0
1512 11 719.5 1430.5
1524 11 714.0 1426.0
1536 11 697.5 1426.0
1548 11 682.5 1426.0
1560 11 668.0 1426.0
1344 6 1294.56 638.99
1356 6 1295.07 640.92
1368 6 1295.59 642.85
1380 6 1296.1 644.78
1392 6 1296.62 646.7
1404 6 1297.13 648.63
1416 6 1297.65 650.56
1428 6 1298.17 652.49
1440 6 1298.68 654.42
1452 6 1299.2 656.35
1464 6 1299.71 658.28
1476 6 1300.23 660.21
1488 6 1300.75 662.14
1500 6 1301.26 664.07
1512 6 1301.78 665.99
1524 6 1302.29 667.92
1536 6 1302.81 669.85
1548 6 1303.33 671.78
1560 6 1303.84 673.71
1572 6 1304.36 675.64
1380 13 1308.0 1564.5
1392 13 1300.5 1551.5
1404 13 1295.0 1543.5
1416 13 1288.0 1530.5
1428 13 1282.0 1518.5
1440 13 1271.0 1514.0
1452 13 1262.0 1505.5
1464 13 1253.0 1501.5
1476 13 1238.0 1493.5
1488 13 1229.0 1480.5
1500 13 1219.5 1472.5
1512 13 1208.5 1461.5
1524 13 1197.5 1453.0
1536 13 1186.5 1445.0
1548 13 1175.5 1436.5
1560 13 1165.0 1428.5
1572 13 1152.0 1423.5
1584 13 1139.5 1419.5
1596 13 1128.5 1415.5
1608 13 1115.5 1411.5
1572 9 521.5 1612.5
1584 9 521.0 1627.0
1596 9 519.0 1642.0
1608 9 517.0 1656.0
1620 9 516.0 1671.0
1632 9 514.0 1686.0
1644 9 512.0 1700.5
1656 9 511.5 1717.0
1668 9 510.0 1730.0
1680 9 508.0 1744.5
1692 9 507.0 1759.0
1704 9 505.0 1774.0
1716 9 503.0 1788.5
1728 9 502.5 1803.0
1740 9 500.5 1818.0
1752 9 498.5 1832.5
1764 9 496.5 1849.5
1776 9 495.0 1870.5
1788 9 493.0 1887.0
1800 9 491.0 1903.5
1572 12 651.5 1421.5
1584 12 636.5 1421.5
1596 12 620.0 1421.5
1608 12 605.5 1421.5
1620 12 590.5 1417.5
1632 12 574.0 1417.5
1644 12 559.5 1417.5
1656 12 542.5 1417.5
1668 12 528.0 1413.5
1680 12 513.5 1413.5
1692 12 496.5 1413.5
1704 12 482.0 1413.5
1716 12 465.5 1409.5
1728 12 450.5 1409.5
1740 12 436.0 1409.5
1752 12 419.5 1409.5
1764 12 401.0 1411.5
1776 12 384.5 1413.5
1788 12 366.0 1417.5
1800 12 349.5 1421.5
1620 14 1104.5 1407.5
1632 14 1092.0 1403.0
1644 14 1079.0 1403.0
1656 14 1068.0 1398.5
1668 14 1055.0 1398.5
1680 14 1042.0 1398.5
1692 14 1027.0 1403.0
1704 14 1014.0 1403.0
1716 14 1001.0 1407.5
1728 14 988.5 1407.5
1740 14 976.0 1407.5
1752 14 964.5 1407.5
1764 14 953.5 1407.5
1776 14 941.0 1407.5
1788 14 929.5 1407.5
1800 14 918.5 1407.5
1812 14 906.0 1407.5
1824 14 894.5 1403.0
1836 14 883.5 1403.0
1848 14 871.0 1403.0