0 7 442.0 601.5
12 7 447.0 598.5
24 7 455.0 597.5
36 7 462.0 597.5
48 7 469.0 597.5
60 7 476.5 595.5
72 7 484.0 595.5
84 7 491.0 595.5
96 7 500.0 594.0
108 7 509.5 594.0
120 7 518.5 594.0
132 7 526.0 592.5
144 7 531.0 592.5
156 7 530.38 592.55
168 7 529.31 592.65
180 7 528.24 592.74
192 7 527.17 592.84
204 7 526.1 592.93
216 7 525.04 593.03
228 7 523.97 593.12
0 55 919.5 558.0
12 55 919.5 558.0
24 55 919.5 558.0
36 55 921.5 556.5
48 55 921.5 556.5
60 55 921.5 556.5
72 55 921.5 556.5
84 55 918.0 555.0
96 55 908.5 555.0
108 55 914.5 555.0
120 55 916.0 556.0
132 55 916.0 556.0
144 55 916.0 556.0
156 55 916.0 556.0
168 55 916.0 556.0
180 55 917.0 556.0
192 55 917.0 556.0
204 55 917.0 556.0
216 55 918.0 556.0
228 55 918.0 556.0
0 68 902.5 583.5
12 68 902.5 583.5
24 68 902.5 583.5
36 68 902.5 583.5
48 68 902.5 583.5
60 68 902.5 583.5
72 68 902.5 583.5
84 68 902.5 583.5
96 68 902.5 583.5
108 68 902.5 583.5
120 68 902.5 583.5
132 68 902.5 583.5
144 68 902.5 583.5
156 68 902.5 583.5
168 68 902.5 583.5
180 68 902.5 583.5
192 68 902.5 583.5
204 68 902.5 583.5
216 68 902.5 583.5
228 68 902.5 583.5
96 60 851.0 503.5
108 60 857.0 508.0
120 60 868.0 516.0
132 60 877.0 522.5
144 60 884.0 527.0
156 60 888.0 536.5
168 60 888.0 544.0
180 60 891.5 549.0
192 60 893.0 553.5
204 60 897.0 558.0
216 60 901.0 563.0
228 60 901.0 566.0
240 60 901.0 566.0
252 60 901.0 566.0
264 60 901.0 566.0
276 60 901.0 566.0
288 60 901.0 566.0
300 60 899.0 566.0
312 60 899.0 566.0
324 60 899.0 566.0
240 8 522.9 593.21
252 8 521.83 593.31
264 8 520.76 593.4
276 8 519.7 593.5
288 8 518.63 593.59
300 8 517.56 593.69
312 8 516.49 593.78
324 8 515.42 593.87
336 8 514.36 593.97
348 8 513.29 594.06
360 8 512.22 594.16
372 8 511.15 594.25
384 8 510.08 594.35
396 8 509.02 594.44
408 8 507.95 594.53
420 8 506.88 594.63
432 8 505.81 594.72
444 8 504.74 594.82
456 8 503.68 594.91
468 8 502.61 595.01
240 56 918.0 556.0
252 56 918.5 556.0
264 56 918.5 556.0
276 56 918.5 556.0
288 56 918.5 556.0
300 56 918.5 556.0
312 56 918.5 556.0
324 56 918.5 556.0
336 56 917.0 556.0
348 56 915.5 556.0
360 56 915.5 556.0
372 56 913.5 556.0
384 56 911.5 556.0
396 56 909.5 556.0
408 56 909.5 556.0
420 56 907.5 556.0
432 56 907.5 556.0
444 56 907.5 556.0
456 56 907.0 555.0
468 56 907.0 555.0
240 69 902.5 583.5
252 69 902.5 583.5
264 69 902.5 583.5
276 69 902.5 583.5
288 69 902.5 583.5
300 69 902.5 583.5
312 69 902.5 583.5
324 69 902.5 583.5
336 69 902.5 583.5
348 69 902.5 583.5
360 69 902.5 583.5
372 69 902.5 583.5
384 69 902.5 583.5
396 69 902.5 583.5
408 69 902.5 583.5
420 69 902.5 583.5
432 69 902.5 583.5
444 69 902.5 583.5
456 69 902.5 583.5
468 69 902.5 583.5
336 61 899.0 566.0
348 61 899.0 566.0
360 61 899.0 566.0
372 61 897.0 566.0
384 61 897.0 566.0
396 61 897.0 566.0
408 61 897.0 566.0
420 61 897.0 566.0
432 61 897.0 564.5
444 61 897.0 563.0
456 61 897.0 560.0
468 61 897.0 558.0
480 61 897.0 556.5
492 61 901.0 555.0
504 61 904.0 555.0
516 61 904.0 555.0
528 61 904.0 555.0
540 61 905.0 555.0
552 61 905.0 555.0
564 61 906.0 555.0
480 57 907.0 555.0
492 57 907.0 555.0
504 57 906.5 555.0
516 57 906.5 556.5
528 57 907.0 559.0
540 57 908.0 561.0
552 57 909.0 562.0
564 57 909.0 562.0
576 57 909.0 562.0
588 57 909.0 562.0
600 57 909.0 560.5
612 57 909.0 560.5
624 57 909.0 560.5
636 57 909.0 560.5
648 57 909.0 559.0
660 57 909.0 559.0
672 57 909.0 559.0
684 57 909.0 559.0
696 57 909.0 557.5
708 57 909.0 557.5
480 70 902.5 583.5
492 70 902.5 583.5
504 70 902.5 582.5
516 70 902.5 582.5
528 70 902.5 582.5
540 70 902.5 582.5
552 70 902.5 582.5
564 70 902.5 582.5
576 70 902.5 582.5
588 70 902.5 582.5
600 70 902.5 582.5
612 70 902.5 582.5
624 70 902.5 582.5
636 70 902.5 582.5
648 70 902.5 582.5
660 70 902.5 582.5
672 70 902.5 581.5
684 70 902.5 581.5
696 70 902.5 581.5
708 70 902.5 581.5
576 62 906.0 555.0
588 62 907.0 556.0
600 62 907.0 556.5
612 62 907.0 556.5
624 62 908.0 556.5
636 62 909.0 556.5
648 62 909.0 556.5
660 62 910.0 556.5
672 62 910.0 557.0
684 62 910.0 557.0
696 62 911.5 557.0
708 62 911.5 558.0
720 62 911.5 558.0
732 62 912.5 558.0
744 62 912.5 558.0
756 62 913.0 559.0
768 62 913.0 559.0
780 62 914.0 559.0
792 62 914.0 559.0
804 62 914.0 560.0
720 58 909.0 557.5
732 58 909.0 557.5
744 58 909.0 555.5
756 58 909.0 555.5
768 58 909.0 555.5
780 58 909.0 555.5
792 58 909.0 554.5
804 58 909.0 554.5
816 58 909.0 554.5
828 58 909.0 554.5
840 58 909.0 552.5
852 58 909.0 552.5
864 58 909.0 552.5
876 58 909.0 552.5
888 58 905.0 549.5
900 58 901.5 546.5
912 58 896.0 541.5
924 58 892.5 534.0
936 58 888.5 527.5
948 58 885.0 521.5
720 71 902.5 581.5
732 71 902.5 581.5
744 71 902.5 581.5
756 71 902.5 581.5
768 71 902.5 581.5
780 71 902.5 581.5
792 71 902.5 581.5
804 71 902.5 581.5
816 71 902.5 581.5
828 71 902.5 581.5
840 71 902.5 581.0
852 71 902.5 581.0
864 71 902.5 581.0
876 71 902.5 581.0
888 71 902.5 581.0
900 71 902.5 581.0
912 71 902.5 581.0
924 71 902.5 581.0
936 71 902.5 581.0
948 71 902.5 581.0
816 63 916.0 560.0
828 63 916.0 560.0
840 63 916.0 560.5
852 63 917.0 560.5
864 63 917.0 560.5
876 63 918.0 560.5
888 63 919.0 560.5
900 63 919.0 561.0
912 63 919.0 561.0
924 63 919.5 562.0
936 63 919.5 562.0
948 63 920.5 562.0
960 63 920.5 562.0
972 63 921.5 562.0
984 63 921.5 562.0
996 63 921.5 562.0
1008 63 921.5 564.0
1020 63 921.5 564.0
1032 63 921.5 564.0
1044 63 920.5 564.0
852 59 1296.5 90.0
864 59 1296.5 99.0
876 59 1296.5 110.0
888 59 1296.5 119.5
900 59 1295.5 132.0
912 59 1295.5 147.5
924 59 1295.5 160.0
936 59 1295.5 171.0
948 59 1295.5 180.5
960 59 1295.5 191.0
972 59 1295.5 202.0
984 59 1297.5 214.5
996 59 1297.5 228.5
1008 59 1303.0 234.5
1020 59 1304.5 246.5
1032 59 1304.5 257.5
1044 59 1304.5 270.0
1056 59 1304.5 281.0
1068 59 1304.5 290.0
1080 59 1304.5 299.5
960 72 902.5 581.0
972 72 902.5 581.0
984 72 902.5 581.0
996 72 902.5 581.0
1008 72 901.5 579.0
1020 72 901.5 579.0
1032 72 901.5 579.0
1044 72 901.5 578.5
1056 72 901.5 578.5
1068 72 900.5 578.0
1080 72 900.5 577.0
1092 72 900.5 577.0
1104 72 900.5 577.0
1116 72 900.5 577.0
1128 72 899.5 575.5
1140 72 899.5 575.5
1152 72 899.5 575.5
1164 72 899.5 574.5
1176 72 899.5 574.5
1188 72 898.5 574.0
996 53 942.5 558.5
1008 53 932.5 558.5
1020 53 932.5 558.5
1032 53 932.5 558.5
1044 53 932.5 559.5
1056 53 932.5 559.5
1068 53 930.5 559.5
1080 53 930.5 559.5
1092 53 930.5 561.5
1104 53 930.5 561.5
1116 53 929.0 561.5
1128 53 929.0 561.5
1140 53 929.0 562.5
1152 53 929.0 562.5
1164 53 929.0 562.5
1176 53 927.0 562.5
1188 53 927.0 562.5
1200 53 927.0 561.5
1212 53 927.0 561.5
1224 53 927.0 561.5
1056 64 919.5 564.0
1068 64 919.5 564.0
1080 64 919.0 564.0
1092 64 919.0 564.0
1104 64 917.0 564.0
1116 64 917.0 564.0
1128 64 917.0 564.0
1140 64 916.0 564.0
1152 64 915.0 564.0
1164 64 915.0 564.0
1176 64 914.0 564.0
1188 64 914.0 564.0
1200 64 913.5 564.5
1212 64 912.5 564.5
1224 64 912.5 564.5
1236 64 912.5 564.5
1248 64 910.5 564.5
1260 64 910.5 564.5
1272 64 910.5 564.5
1284 64 910.0 564.5
1200 73 898.5 573.0
1212 73 898.5 573.0
1224 73 898.5 573.0
1236 73 898.5 572.5
1248 73 898.5 572.5
1260 73 897.5 571.5
1272 73 897.5 570.5
1284 73 897.5 570.5
1296 73 897.5 570.5
1308 73 897.5 570.5
1320 73 896.0 566.0
1332 73 894.5 559.5
1344 73 892.5 555.0
1356 73 890.5 550.5
1368 73 887.0 544.5
1380 73 884.5 538.0
1392 73 891.5 527.0
1404 73 893.5 525.5
1416 73 895.5 522.5
1428 73 895.5 516.0
1236 54 925.5 559.5
1248 54 925.5 559.5
1260 54 925.5 558.5
1272 54 925.5 558.5
1284 54 925.5 556.5
1296 54 925.5 556.5
1308 54 925.5 556.5
1320 54 925.5 555.5
1332 54 925.5 555.5
1344 54 925.5 555.5
1356 54 923.5 553.5
1368 54 919.5 553.5
1380 54 918.0 553.5
1392 54 914.5 551.5
1404 54 910.5 551.5
1416 54 907.0 544.5
1428 54 901.5 537.5
1440 54 898.5 534.5
1452 54 895.5 531.5
1464 54 891.5 528.5
1296 65 909.0 564.5
1308 65 909.0 564.5
1320 65 908.0 564.5
1332 65 908.0 564.5
1344 65 907.0 564.5
1356 65 906.0 564.5
1368 65 906.0 564.5
1380 65 906.0 565.5
1392 65 900.5 562.0
1404 65 897.0 559.0
1416 65 893.0 555.5
1428 65 890.0 552.5
1440 65 886.0 549.5
1452 65 884.0 546.5
1464 65 890.0 545.0
1476 65 895.0 542.5
1488 65 900.5 541.0
1500 65 906.0 539.5
1512 65 912.0 535.5
1524 65 920.0 532.5
1440 74 896.5 511.5
1452 74 896.5 506.5
1464 74 896.5 505.5
1476 74 898.5 503.5
1488 74 898.5 503.5
1500 74 898.5 503.5
1512 74 897.5 502.0
1524 74 897.5 502.0
1536 74 897.5 502.0
1548 74 897.5 502.0
1560 74 898.5 502.0
1572 74 898.5 502.0
1584 74 898.5 502.0
1596 74 898.5 502.0
1608 74 898.5 502.0
1620 74 899.5 502.0
1632 74 899.5 502.0
1644 74 899.0 502.0
1656 74 899.0 502.0
1668 74 899.0 502.0
1680 28 1148.0 177.0
1692 28 1148.0 177.0
1704 28 1155.5 180.0
1716 28 1165.0 182.0
1728 28 1172.0 185.0
1740 28 1179.0 188.0
1752 28 1186.5 193.0
1764 28 1196.0 204.0
1776 28 1203.0 213.0
1788 28 1212.0 224.0
1800 28 1219.5 232.0
1812 28 1225.0 238.0
1824 28 1230.5 246.0
1836 28 1232.0 258.0
1848 28 1234.0 269.0
1860 28 1238.0 281.5
1872 28 1236.0 292.5
1884 28 1236.0 305.0
1896 28 1236.0 317.5
1908 28 1232.0 330.0
1680 75 900.0 502.0
1692 75 900.0 502.0
1704 75 900.0 501.5
1716 75 900.0 501.5
1728 75 900.0 501.5
1740 75 901.0 501.5
1752 75 901.0 501.5
1764 75 901.0 501.5
1776 75 900.0 501.5
1788 75 900.5 501.5
1800 75 900.5 501.5
1812 75 900.5 501.5
1824 75 900.5 501.5
1836 75 900.5 501.5
1848 75 901.5 501.5
1860 75 901.5 501.5
1872 75 901.5 501.5
1884 75 901.5 501.5
1896 75 901.5 501.5
1908 75 902.5 501.5
1920 29 1229.0 344.0
1932 29 1223.0 358.0
1944 29 1219.5 370.5
1956 29 1218.0 380.0
1968 29 1216.0 389.0
1980 29 1214.0 398.5
1992 29 1208.5 409.0
2004 29 1206.0 420.0
2016 29 1205.0 431.0
2028 29 1204.0 443.0
2040 29 1203.0 454.0
2052 29 1201.5 466.0
2064 29 1200.5 477.0
2076 29 1199.5 488.0
2088 29 1198.5 499.5
2100 29 1197.5 510.5
2112 29 1196.5 523.0
2124 29 1196.5 532.5
2136 29 1198.5 543.5
2148 29 1200.5 554.5
1920 76 902.5 501.5
1932 76 902.5 501.5
1944 76 902.5 501.5
1956 76 902.5 501.5
1968 76 902.5 501.5
1980 76 902.5 501.5
1992 76 902.5 501.5
2004 76 901.5 501.5
2016 76 901.5 501.5
2028 76 901.5 501.5
2040 76 901.5 501.5
2052 76 901.5 501.5
2064 76 901.5 501.5
2076 76 900.5 501.5
2088 76 900.5 501.5
2100 76 900.5 501.5
2112 76 900.5 501.5
2124 76 900.5 501.5
2136 76 900.0 501.5
2148 76 900.0 501.5
2004 66 920.5 500.5
2016 66 920.5 500.5
2028 66 920.5 500.5
2040 66 920.5 500.5
2052 66 920.5 500.5
2064 66 920.5 500.5
2076 66 920.5 500.5
2088 66 920.5 500.5
2100 66 920.5 500.5
2112 66 920.5 500.5
2124 66 920.5 500.5
2136 66 920.5 500.5
2148 66 920.5 500.5
2160 66 920.5 500.5
2172 66 920.5 500.5
2184 66 920.5 500.5
2196 66 920.5 500.5
2208 66 920.5 500.5
2220 66 920.5 500.5
2232 66 920.5 500.5
2160 30 1204.0 565.0
2172 30 1206.0 576.0
2184 30 1206.0 587.0
2196 30 1207.5 598.0
2208 30 1209.5 609.0
2220 30 1217.0 619.5
2232 30 1226.0 627.5
2244 30 1237.0 637.0
2256 30 1248.0 644.5
2268 30 1257.0 652.5
2280 30 1262.5 658.5
2292 30 1269.0 666.5
2304 30 1276.0 672.5
2316 30 1282.0 677.5
2328 30 1289.0 679.0
2340 30 1296.0 680.5
2352 30 1300.0 679.0
2364 30 1302.0 679.0
2376 30 1302.0 679.0
2388 30 1302.0 680.5
2160 77 900.0 501.5
2172 77 900.0 501.5
2184 77 901.0 501.5
2196 77 901.0 501.5
2208 77 900.0 501.5
2220 77 900.0 501.5
2232 77 900.0 501.5
2244 77 900.0 501.5
2256 77 900.0 501.5
2268 77 899.0 502.5
2280 77 899.0 502.5
2292 77 899.0 502.5
2304 77 899.0 502.5
2316 77 899.0 502.5
2328 77 899.0 502.5
2340 77 898.0 502.5
2352 77 898.0 502.5
2364 77 898.5 502.5
2376 77 898.5 502.5
2388 77 898.5 502.5
2244 67 920.5 500.5
2256 67 920.5 500.5
2268 67 920.5 500.5
2280 67 920.5 500.5
2292 67 920.5 500.5
2304 67 920.5 500.5
2316 67 920.5 500.5
2328 67 920.5 500.5
2340 67 920.5 500.5
2352 67 920.5 500.5
2364 67 920.5 500.5
2376 67 920.5 500.5
2388 67 920.5 500.5
2400 67 920.5 500.5
2412 67 920.5 500.5
2424 67 920.5 500.5
2436 67 920.5 500.5
2448 67 920.5 500.5
2460 67 920.5 500.5
2472 67 920.5 500.5
2256 9 1162.0 731.5
2268 9 1165.5 731.5
2280 9 1171.0 727.5
2292 9 1176.5 721.0
2304 9 1182.0 711.5
2316 9 1185.5 700.5
2328 9 1187.5 696.5
2340 9 1193.0 686.5
2352 9 1196.5 674.5
2364 9 1198.5 664.5
2376 9 1198.5 657.5
2388 9 1196.5 646.5
2400 9 1196.5 640.0
2412 9 1198.5 636.5
2424 9 1198.5 627.5
2436 9 1196.5 604.5
2448 9 1196.5 588.5
2460 9 1196.5 579.5
2472 9 1196.5 568.5
2484 9 1195.0 557.5
2400 31 1302.0 680.5
2412 31 1302.0 682.0
2424 31 1302.0 683.5
2436 31 1302.0 685.0
2448 31 1302.0 686.5
2460 31 1302.0 686.5
2472 31 1302.0 688.5
2484 31 1302.0 690.0
2496 31 1303.0 691.5
2508 31 1301.0 691.0
2520 31 1301.0 691.0
2532 31 1301.0 691.0
2544 31 1300.0 691.0
2556 31 1300.0 691.0
2568 31 1300.0 691.5
2580 31 1299.0 691.5
2592 31 1299.0 691.5
2604 31 1298.0 691.5
2616 31 1298.0 691.5
2628 31 1298.0 692.5
2496 10 1193.0 546.5
2508 10 1190.0 536.5
2520 10 1187.5 527.0
2532 10 1186.0 517.0
2544 10 1186.0 506.0
2556 10 1186.0 493.5
2568 10 1186.0 482.5
2580 10 1189.0 471.5
2592 10 1191.0 459.5
2604 10 1193.0 450.0
2616 10 1195.0 439.0
2628 10 1197.0 428.0
2640 10 1200.0 418.5
2652 10 1202.0 409.5
2664 10 1209.5 400.0
2676 10 1217.0 390.5
2688 10 1220.5 381.5
2700 10 1224.0 369.0
2712 10 1226.0 358.0
2724 10 1230.0 345.5
2640 32 1297.5 692.5
2652 32 1297.5 692.5
2664 32 1297.5 692.5
2676 32 1296.5 692.5
2688 32 1296.5 693.0
2700 32 1296.5 693.0
2712 32 1295.5 693.0
2724 32 1295.5 693.0
2736 32 1295.5 693.0
2748 32 1294.5 693.0
2760 32 1294.5 694.0
2772 32 1294.5 694.0
2784 32 1293.5 694.0
2796 32 1293.5 694.0
2808 32 1293.5 694.0
2820 32 1293.5 694.5
2832 32 1293.5 694.5
2844 32 1293.47 694.45
2856 32 1293.38 694.28
2868 32 1293.29 694.12
2736 11 1231.0 336.0
2748 11 1231.0 326.5
2760 11 1231.0 317.5
2772 11 1231.0 308.0
2784 11 1231.0 298.5
2796 11 1235.0 286.5
2808 11 1239.0 273.5
2820 11 1240.5 259.5
2832 11 1240.5 245.5
2844 11 1242.0 235.0
2856 11 1242.0 228.5
2868 11 1242.0 220.5
2880 11 1240.5 213.0
2892 11 1239.0 203.5
2904 11 1237.0 191.0
2916 11 1237.0 175.5
2928 11 1235.0 164.5
2940 11 1235.0 155.5
2952 11 1235.0 146.0
2964 11 1235.0 136.5
2880 33 1293.2 693.95
2892 33 1293.11 693.79
2904 33 1293.02 693.63
2916 33 1292.92 693.46
2928 33 1292.83 693.3
2940 33 1292.74 693.14
2952 33 1292.65 692.97
2964 33 1292.56 692.81
2976 33 1292.47 692.65
2988 33 1292.38 692.48
3000 33 1292.29 692.32
3012 33 1292.2 692.15
3024 33 1292.11 691.99
3036 33 1292.02 691.83
3048 33 1291.92 691.66
3060 33 1291.83 691.5
3072 33 1291.74 691.34
3084 33 1291.65 691.17
3096 33 1291.56 691.01
3108 33 1291.47 690.85
3000 15 892.5 506.0
3012 15 892.5 506.0
3024 15 892.5 506.0
3036 15 892.5 506.0
3048 15 892.5 506.0
3060 15 892.5 506.0
3072 15 892.5 506.0
3084 15 892.5 506.0
3096 15 892.5 506.0
3108 15 892.5 506.0
3120 15 892.5 506.0
3132 15 892.5 506.0
3144 15 892.5 506.0
3156 15 892.5 506.0
3168 15 892.5 506.0
3180 15 892.5 506.0
3192 15 892.5 506.0
3204 15 892.5 506.0
3216 15 892.5 506.0
3228 15 892.5 506.0
3120 34 1291.38 690.68
3132 34 1291.29 690.52
3144 34 1291.2 690.35
3156 34 1291.11 690.19
3168 34 1291.02 690.03
3180 34 1289.0 688.5
3192 34 1287.0 686.5
3204 34 1285.0 686.5
3216 34 1285.0 685.0
3228 34 1283.5 683.5
3240 34 1282.0 683.5
3252 34 1280.0 682.0
3264 34 1280.0 680.5
3276 34 1278.0 680.5
3288 34 1271.0 677.5
3300 34 1263.0 672.5
3312 34 1254.0 665.0
3324 34 1247.0 654.0
3336 34 1238.0 646.5
3348 34 1227.0 635.5
3240 16 892.5 506.0
3252 16 892.5 506.0
3264 16 892.5 506.0
3276 16 892.5 506.0
3288 16 892.5 506.0
3300 16 892.5 506.0
3312 16 892.5 506.0
3324 16 892.5 506.0
3336 16 892.5 506.0
3348 16 892.5 506.0
3360 16 892.5 506.0
3372 16 892.5 506.0
3384 16 892.5 506.0
3396 16 892.5 506.0
3408 16 892.5 506.0
3420 16 892.5 506.0
3432 16 892.5 506.0
3444 16 892.5 506.0
3456 16 892.5 506.0
3468 16 892.5 506.0
3360 35 1220.0 624.5
3372 35 1212.0 615.0
3384 35 1205.0 605.5
3396 35 1198.0 594.5
3408 35 1190.0 585.5
3420 35 1183.0 576.0
3432 35 1187.0 557.5
3444 35 1187.0 549.5
3456 35 1187.0 540.5
3468 35 1187.0 524.5
3480 35 1185.0 513.5
3492 35 1187.0 501.5
3504 35 1187.0 484.0
3516 35 1189.5 470.0
3528 35 1191.5 456.5
3540 35 1193.0 442.5
3552 35 1196.5 436.5
3564 35 1200.5 431.5
3576 35 1204.0 421.5
3588 35 1213.5 408.5
3480 17 892.5 506.0
3492 17 892.5 506.0
3504 17 892.5 504.5
3516 17 892.5 504.5
3528 17 892.5 504.5
3540 17 892.5 504.5
3552 17 892.5 504.5
3564 17 892.5 504.5
3576 17 892.5 504.5
3588 17 892.5 504.5
3600 17 892.5 503.5
3612 17 892.5 503.5
3624 17 892.5 503.5
3636 17 892.5 503.5
3648 17 892.5 503.5
3660 17 892.5 503.5
3672 17 892.5 503.5
3684 17 893.5 502.0
3696 17 893.5 502.0
3708 17 893.5 502.0
3576 26 644.5 729.5
3588 26 643.0 729.5
3600 26 641.0 731.0
3612 26 648.5 723.5
3624 26 657.5 717.0
3636 26 666.5 709.5
3648 26 677.5 701.5
3660 26 690.5 693.5
3672 26 697.5 687.5
3684 26 705.0 681.5
3696 26 714.0 675.0
3708 26 723.5 669.0
3720 26 732.5 662.5
3732 26 741.5 656.5
3744 26 750.5 650.0
3756 26 760.0 642.5
3768 26 771.0 637.5
3780 26 782.0 634.5
3792 26 793.0 630.0
3804 26 800.0 625.0
3600 36 1222.5 402.5
3612 36 1233.5 394.5
3624 36 1242.5 385.5
3636 36 1249.5 378.5
3648 36 1255.5 372.5
3660 36 1260.5 363.5
3672 36 1266.5 354.5
3684 36 1269.5 332.5
3696 36 1273.5 321.5
3708 36 1277.0 321.5
3720 36 1279.0 307.5
3732 36 1279.0 288.5
3744 36 1272.5 270.5
3756 36 1269.0 261.5
3768 36 1269.0 253.5
3780 36 1269.0 242.5
3792 36 1267.0 230.0
3804 36 1263.5 219.5
3816 36 1252.5 210.0
3828 36 1241.5 200.5
3696 38 1194.0 8.5
3708 38 1206.5 9.0
3720 38 1214.0 9.0
3732 38 1221.5 9.0
3744 38 1230.5 16.0
3756 38 1236.5 24.5
3768 38 1240.5 33.5
3780 38 1246.0 41.5
3792 38 1249.5 50.5
3804 38 1257.0 61.5
3816 38 1268.0 66.5
3828 38 1275.5 74.5
3840 38 1281.5 82.5
3852 38 1285.5 89.5
3864 38 1290.0 96.5
3876 38 1294.5 103.5
3888 38 1299.0 110.5
3900 38 1301.0 121.5
3912 38 1302.0 131.5
3924 38 1302.0 141.5
3720 18 893.5 502.0
3732 18 893.5 502.0
3744 18 893.5 502.0
3756 18 893.5 502.0
3768 18 894.5 501.0
3780 18 894.5 501.0
3792 18 894.5 501.0
3804 18 894.5 501.0
3816 18 894.5 501.0
3828 18 894.5 501.0
3840 18 894.5 501.0
3852 18 894.5 501.0
3864 18 895.5 500.0
3876 18 895.5 500.0
3888 18 895.5 500.0
3900 18 895.5 500.0
3912 18 895.5 500.0
3924 18 895.5 500.0
3936 18 895.5 500.0
3948 18 895.5 499.0
3816 27 805.5 620.5
3828 27 813.0 616.0
3840 27 822.0 611.0
3852 27 833.0 605.0
3864 27 844.0 598.5
3876 27 855.0 592.5
3888 27 866.0 584.5
3900 27 875.0 580.0
3912 27 884.0 574.0
3924 27 893.5 567.5
3936 27 902.5 564.5
3948 27 911.5 558.0
3960 27 920.5 552.0
3972 27 928.0 544.0
3984 27 939.0 544.0
3996 27 946.5 536.5
4008 27 953.5 528.5
4020 27 963.0 524.0
4032 27 972.0 518.5
4044 27 980.0 513.5
3840 37 1230.5 197.5
3852 37 1221.5 196.0
3864 37 1212.5 196.0
3876 37 1201.5 194.5
3888 37 1192.0 190.0
3900 37 1182.0 187.0
3912 37 1173.0 184.0
3924 37 1164.0 181.0
3936 37 1154.5 179.5
3948 37 1147.5 181.0
3960 37 1142.0 183.0
3972 37 1140.0 183.0
3984 37 1136.5 179.5
3996 37 1134.5 178.0
4008 37 1138.5 181.0
4020 37 1140.0 183.0
4032 37 1140.0 183.0
4044 37 1140.0 183.0
4056 37 1140.0 183.0
4068 37 1140.0 183.0
3936 39 1303.0 150.5
3948 39 1304.0 160.0
3960 39 1304.5 169.5
3972 39 1305.5 179.5
3984 39 1304.5 186.5
3996 39 1304.0 194.0
4008 39 1302.0 203.5
4020 39 1301.0 213.0
4032 39 1298.0 222.5
4044 39 1298.0 230.5
4056 39 1298.0 238.0
4068 39 1298.0 245.5
4080 39 1298.0 253.5
4092 39 1298.0 262.5
4104 39 1298.0 273.5
4116 39 1296.5 283.5
4128 39 1294.5 292.5
4140 39 1294.5 301.5
4152 39 1294.5 311.5
4164 39 1294.5 320.5
5496 3 897.0 501.0
5508 3 897.0 501.0
5520 3 897.0 501.0
5532 3 897.0 501.0
5544 3 897.0 501.0
5556 3 897.0 501.0
5568 3 897.0 501.0
5580 3 897.0 501.0
5592 3 897.0 501.0
5604 3 897.0 501.0
5616 3 897.0 501.0
5628 3 897.0 501.0
5640 3 897.0 501.0
5652 3 897.0 501.0
5664 3 897.0 501.0
5676 3 897.0 501.0
5688 3 897.0 501.0
5700 3 897.0 501.0
5712 3 897.0 501.0
5724 3 897.0 501.0
5592 1 1295.5 404.0
5604 1 1296.5 395.0
5616 1 1290.5 383.0
5628 1 1286.5 371.0
5640 1 1284.5 365.5
5652 1 1281.0 348.5
5664 1 1277.0 331.5
5676 1 1273.5 315.5
5688 1 1271.5 308.0
5700 1 1269.5 299.5
5712 1 1268.0 287.0
5724 1 1266.5 274.5
5736 1 1257.0 260.5
5748 1 1249.5 253.0
5760 1 1243.5 245.5
5772 1 1236.0 238.0
5784 1 1229.5 230.5
5796 1 1222.5 222.5
5808 1 1215.0 215.5
5820 1 1208.5 208.5
5736 4 897.0 501.0
5748 4 897.0 501.0
5760 4 897.0 501.0
5772 4 897.0 501.0
5784 4 897.0 501.0
5796 4 897.0 501.0
5808 4 897.0 501.0
5820 4 897.0 501.0
5832 4 897.0 501.0
5844 4 897.0 501.0
5856 4 897.0 501.0
5868 4 897.0 501.0
5880 4 897.0 501.0
5892 4 897.0 501.0
5904 4 897.0 501.0
5916 4 897.0 501.0
5928 4 897.0 501.0
5940 4 897.0 501.0
5952 4 897.0 501.0
5964 4 897.0 501.0
5976 5 897.0 501.0
5988 5 897.0 501.0
6000 5 897.0 501.0
6012 5 895.0 500.5
6024 5 895.0 500.5
6036 5 895.0 500.5
6048 5 895.0 500.5
6060 5 895.0 500.5
6072 5 895.0 500.5
6084 5 895.0 500.5
6096 5 895.0 500.5
6108 5 895.0 500.5
6120 5 895.0 500.5
6132 5 895.0 500.5
6144 5 895.0 500.5
6156 5 895.0 500.5
6168 5 895.0 500.5
6180 5 895.0 500.5
6192 5 895.0 500.5
6204 5 895.0 500.5
6216 6 895.0 500.5
6228 6 895.0 500.5
6240 6 895.0 500.5
6252 6 895.0 500.5
6264 6 895.0 500.5
6276 6 893.5 499.5
6288 6 893.5 499.5
6300 6 893.5 499.5
6312 6 893.5 499.5
6324 6 893.5 499.5
6336 6 893.5 499.5
6348 6 893.5 499.5
6360 6 893.5 499.5
6372 6 893.5 499.5
6384 6 893.5 499.5
6396 6 893.5 499.5
6408 6 893.5 499.5
6420 6 893.5 499.5
6432 6 893.5 499.5
6444 6 893.5 499.5
6816 13 15.5 667.0
6828 13 18.0 669.0
6840 13 25.0 667.0
6852 13 30.5 664.0
6864 13 47.0 658.0
6876 13 58.0 658.0
6888 13 69.0 655.0
6900 13 82.0 653.0
6912 13 94.5 650.0
6924 13 107.0 649.0
6936 13 120.0 645.0
6948 13 133.0 642.0
6960 13 146.0 641.0
6972 13 157.0 638.0
6984 13 169.5 636.0
6996 13 182.0 633.0
7008 13 196.0 630.5
7020 13 209.5 628.0
7032 13 224.5 626.0
7044 13 238.0 623.0
7056 14 252.0 620.5
7068 14 265.0 618.0
7080 14 279.0 615.5
7092 14 292.0 614.5
7104 14 299.5 617.5
7116 14 304.5 622.5
7128 14 315.5 620.5
7140 14 326.5 615.5
7152 14 335.5 617.5
7164 14 346.5 620.5
7176 14 357.5 623.5
7188 14 368.5 625.5
7200 14 379.5 626.5
7212 14 392.5 628.5
7224 14 405.5 629.5
7236 14 419.5 629.5
7248 14 434.5 626.5
7260 14 451.0 624.5
7272 14 452.5 621.5
7284 14 454.5 618.0
7308 40 892.5 503.0
7320 40 898.0 500.0
7332 40 890.5 498.0
7344 40 890.5 504.5
7356 40 892.5 510.5
7368 40 892.5 517.0
7380 40 890.5 523.0
7392 40 885.0 531.0
7404 40 881.5 537.0
7416 40 876.0 545.0
7428 40 872.5 553.0
7440 40 868.5 563.5
7452 40 864.0 574.5
7464 40 859.5 587.0
7476 40 855.0 598.0
7488 40 858.5 606.0
7500 40 866.0 610.5
7512 40 871.5 614.5
7524 40 877.0 618.5
7536 40 882.5 622.5
7548 41 890.5 629.0
7560 41 898.0 636.5
7572 41 907.0 643.5
7584 41 912.5 649.5
7596 41 917.0 652.5
7608 41 913.5 660.5
7620 41 908.0 671.5
7632 41 902.5 680.5
7644 41 895.0 686.5
7656 41 888.0 691.5
7668 41 880.5 694.5
7680 41 875.0 697.5
7692 41 869.5 699.5
7704 41 869.5 699.5
7716 41 867.5 699.5
7728 41 867.5 700.5
7740 41 867.5 700.5
7752 41 867.5 700.5
7764 41 867.5 700.5
7776 41 867.5 700.5
7788 42 867.5 700.5
7800 42 867.5 700.5
7812 42 867.5 700.5
7824 42 867.5 700.5
7836 42 867.5 700.5
7848 42 867.5 700.5
7860 42 867.5 700.5
7872 42 867.5 700.5
7884 42 867.5 700.5
7896 42 867.5 700.5
7908 42 867.5 700.5
7920 42 867.5 700.5
7932 42 867.5 700.5
7944 42 867.5 700.5
7956 42 867.5 700.5
7968 42 867.5 700.5
7980 42 867.5 700.5
7992 42 867.5 700.5
8004 42 867.5 699.5
8016 42 867.5 699.5
8028 43 867.5 699.5
8040 43 867.5 699.5
8052 43 868.5 699.5
8064 43 868.5 699.5
8076 43 868.5 698.5
8088 43 869.5 698.5
8100 43 869.5 698.5
8112 43 869.5 698.5
8124 43 870.0 698.5
8136 43 870.0 697.5
8148 43 870.0 697.5
8160 43 870.0 697.5
8172 43 872.0 697.5
8184 43 872.0 697.5
8196 43 872.0 697.0
8208 43 873.0 697.0
8220 43 873.0 697.0
8232 43 873.0 697.0
8244 43 874.0 697.0
8256 43 874.0 697.0
8268 44 874.0 696.0
8280 44 874.0 696.0
8292 44 875.0 696.0
8304 44 875.0 696.0
8316 44 875.0 696.0
8328 44 873.0 694.5
8340 44 869.5 694.5
8352 44 867.5 694.5
8364 44 866.0 694.5
8376 44 866.0 694.5
8388 44 864.0 696.0
8400 44 864.0 696.0
8412 44 862.0 696.0
8424 44 862.0 697.5
8436 44 860.5 697.5
8448 44 860.5 699.0
8460 44 860.5 693.0
8472 44 860.5 686.5
8484 44 860.5 680.5
8496 44 860.5 674.5
8496 22 89.0 579.0
8508 22 89.0 569.0
8520 22 89.0 569.0
8532 22 89.0 567.5
8544 22 89.0 567.5
8556 22 89.0 566.0
8568 22 89.0 566.0
8580 22 89.0 564.5
8592 22 89.0 564.5
8604 22 87.5 564.5
8616 22 87.5 564.5
8628 22 85.5 564.5
8640 22 85.5 564.5
8652 22 85.5 566.0
8664 22 87.5 567.5
8676 22 89.0 569.0
8688 22 89.0 569.0
8700 22 89.0 567.5
8712 22 89.0 567.5
8724 22 89.0 566.0
8496 24 123.0 589.5
8508 24 123.0 589.5
8520 24 123.0 589.5
8532 24 123.0 589.5
8544 24 123.0 589.5
8556 24 123.0 589.5
8568 24 123.0 589.5
8580 24 123.0 589.5
8592 24 123.0 589.5
8604 24 123.0 589.5
8616 24 123.0 589.5
8628 24 123.0 589.5
8640 24 123.0 589.5
8652 24 123.0 589.5
8664 24 123.0 589.5
8676 24 123.0 589.5
8688 24 123.0 589.5
8700 24 123.0 589.5
8712 24 123.0 589.5
8724 24 123.0 589.5
8508 45 862.5 671.5
8520 45 863.5 666.5
8532 45 863.5 662.0
8544 45 863.5 655.5
8556 45 863.5 649.5
8568 45 863.5 643.0
8580 45 866.5 637.0
8592 45 868.5 629.0
8604 45 872.5 621.5
8616 45 874.5 613.5
8628 45 877.5 607.5
8640 45 881.5 602.5
8652 45 883.5 596.5
8664 45 886.5 590.0
8676 45 888.5 584.0
8688 45 890.5 576.0
8700 45 896.0 570.0
8712 45 901.5 562.0
8724 45 907.0 556.0
8736 45 907.0 554.5
8520 21 1300.0 185.0
8532 21 1300.0 170.0
8544 21 1292.5 178.0
8556 21 1283.5 179.5
8568 21 1274.5 179.5
8580 21 1267.0 179.5
8592 21 1252.5 179.5
8604 21 1239.5 179.5
8616 21 1232.5 184.0
8628 21 1223.0 179.5
8640 21 1214.0 183.0
8652 21 1203.0 186.0
8664 21 1190.5 187.0
8676 21 1183.0 184.0
8688 21 1172.0 184.0
8700 21 1164.5 184.0
8712 21 1159.5 184.0
8724 21 1150.0 184.0
8736 21 1148.5 184.0
8748 21 1146.5 184.0
8736 23 89.0 566.0
8748 23 89.0 564.5
8760 23 89.0 564.5
8772 23 87.5 564.5
8784 23 87.5 564.5
8796 23 87.5 566.0
8808 23 87.5 566.0
8820 23 87.5 566.0
8832 23 87.5 567.5
8844 23 87.5 567.5
8856 23 87.5 567.5
8868 23 87.5 566.0
8880 23 87.5 566.0
8892 23 87.5 564.5
8904 23 87.5 563.0
8916 23 87.5 561.0
8928 23 87.5 561.0
8940 23 87.5 561.0
8952 23 87.5 561.0
8964 23 87.5 561.0
8736 25 123.0 589.5
8748 25 123.0 589.5
8760 25 123.0 589.5
8772 25 123.0 589.5
8784 25 123.0 589.5
8796 25 123.0 589.5
8808 25 123.0 589.5
8820 25 123.0 589.5
8832 25 123.0 589.5
8844 25 123.0 589.5
8856 25 123.0 589.5
8868 25 123.0 589.5
8880 25 123.0 589.5
8892 25 123.0 589.5
8904 25 123.0 589.5
8916 25 123.0 589.5
8928 25 123.0 589.5
8940 25 123.0 589.5
8952 25 123.0 589.5
8964 25 123.0 589.5
8748 46 907.0 554.5
8760 46 905.5 552.5
8772 46 905.5 551.0
8784 46 905.5 551.0
8796 46 905.5 549.5
8808 46 905.5 549.5
8820 46 905.5 548.0
8832 46 905.5 546.5
8844 46 908.5 543.5
8856 46 912.5 540.5
8868 46 916.5 537.0
8880 46 921.5 531.0
8892 46 927.5 524.5
8904 46 930.5 520.0
8916 46 930.5 517.0
8928 46 921.5 510.5
8940 46 925.5 509.0
8952 46 923.5 506.0
8964 46 923.74 506.09
8976 46 924.32 506.31
8988 47 924.9 506.53
9000 47 925.48 506.75
9012 47 926.05 506.97
9024 47 926.63 507.19
9036 47 927.21 507.41
9048 47 927.79 507.63
9060 47 928.37 507.85
9072 47 928.94 508.06
9084 47 929.52 508.28
9096 47 930.1 508.5
9108 47 930.68 508.72
9120 47 931.26 508.94
9132 47 931.83 509.16
9144 47 932.41 509.38
9156 47 932.99 509.6
9168 47 933.57 509.82
9180 47 934.15 510.04
9192 47 934.72 510.26
9204 47 935.3 510.48
9216 47 935.88 510.7
9012 50 737.5 508.0
9024 50 737.5 510.0
9036 50 739.5 519.0
9048 50 739.5 528.5
9060 50 739.5 538.0
9072 50 734.5 541.0
9084 50 730.5 544.0
9096 50 727.0 547.0
9108 50 723.5 552.0
9120 50 719.5 555.0
9132 50 716.0 558.0
9144 50 712.5 561.0
9156 50 710.5 564.0
9168 50 710.5 567.5
9180 50 712.5 569.0
9192 50 712.5 571.0
9204 50 712.5 571.0
9216 50 712.5 571.0
9228 50 712.5 569.0
9240 50 712.5 569.0
9228 48 936.46 510.92
9240 48 937.04 511.13
9252 48 937.61 511.35
9264 48 936.5 511.5
9276 48 930.5 516.5
9288 48 927.0 520.0
9300 48 922.5 524.5
9312 48 917.0 529.5
9324 48 913.5 532.5
9336 48 908.0 535.5
9348 48 902.5 538.5
9360 48 898.5 543.5
9372 48 889.0 551.0
9384 48 883.0 557.5
9396 48 883.0 559.0
9408 48 879.5 563.5
9420 48 872.0 568.5
9432 48 865.0 574.5
9444 48 857.5 579.5
9456 48 850.5 585.5
9252 51 712.5 569.0
9264 51 710.5 567.5
9276 51 710.5 567.5
9288 51 710.5 567.5
9300 51 710.5 566.0
9312 51 710.5 566.0
9324 51 710.5 566.0
9336 51 708.5 564.0
9348 51 705.0 563.0
9360 51 703.5 561.0
9372 51 701.5 560.0
9384 51 697.5 558.0
9396 51 699.5 558.0
9408 51 695.5 561.0
9420 51 690.5 567.5
9432 51 688.5 563.0
9444 51 688.5 560.0
9456 51 684.5 558.0
9468 51 681.5 561.0
9480 51 677.5 563.0
9384 19 603.0 577.5
9396 19 595.0 577.5
9408 19 588.0 577.5
9420 19 581.0 577.5
9432 19 568.0 577.5
9444 19 555.0 577.5
9456 19 544.0 579.5
9468 19 531.0 579.5
9480 19 519.0 580.5
9492 19 506.0 580.5
9504 19 493.0 582.5
9516 19 479.0 586.5
9528 19 466.5 590.0
9540 19 452.5 595.0
9552 19 439.5 599.0
9564 19 425.5 602.0
9576 19 411.5 606.0
9588 19 399.0 609.5
9600 19 388.0 611.5
9612 19 379.0 611.5
9468 49 843.0 590.0
9480 49 836.0 596.5
9492 49 828.5 601.0
9504 49 822.0 607.5
9516 49 816.0 614.5
9528 49 809.0 621.5
9540 49 803.5 628.0
9552 49 797.5 634.5
9564 49 791.0 642.0
9576 49 785.5 649.5
9588 49 779.0 656.5
9600 49 773.5 661.0
9612 49 770.0 667.5
9624 49 764.5 672.0
9636 49 759.0 678.5
9648 49 755.5 682.5
9660 49 749.5 689.0
9672 49 744.5 693.5
9684 49 742.5 698.5
9696 49 742.5 698.5
9492 52 675.5 566.0
9504 52 675.5 564.0
9516 52 677.5 564.0
9528 52 678.5 563.5
9540 52 680.0 563.0
9552 52 681.0 562.0
9564 52 683.0 561.0
9576 52 685.0 560.5
9588 52 685.5 560.5
9600 52 687.5 560.5
9612 52 689.5 560.5
9624 52 689.5 560.5
9636 52 691.5 560.5
9648 52 691.5 560.5
9660 52 693.5 562.0
9672 52 694.5 562.0
9684 52 694.5 562.0
9696 52 696.5 562.0
9708 52 696.5 562.0
9720 52 698.5 562.0
9576 12 1251.5 17.5
9588 12 1259.0 19.0
9600 12 1260.5 30.0
9612 12 1264.5 39.0
9624 12 1268.0 50.0
9636 12 1268.0 59.5
9648 12 1268.0 70.0
9660 12 1268.0 81.0
9672 12 1268.0 92.0
9684 12 1268.0 105.0
9696 12 1268.0 116.0
9708 12 1268.0 128.0
9720 12 1268.0 140.5
9732 12 1268.0 153.0
9744 12 1270.0 167.0
9756 12 1271.5 181.0
9768 12 1271.5 193.5
9780 12 1273.5 204.5
9792 12 1277.0 212.0
9804 12 1279.0 220.0
9624 20 368.0 612.5
9636 20 359.0 612.5
9648 20 348.0 612.5
9660 20 346.0 612.5
9672 20 344.0 612.5
9684 20 340.5 611.5
9696 20 338.5 611.5
9708 20 337.0 611.5
9720 20 335.0 609.5
9732 20 333.0 609.5
9744 20 331.0 609.5
9756 20 326.0 609.5
9768 20 318.5 609.5
9780 20 311.0 611.5
9792 20 304.0 611.5
9804 20 296.5 612.5
9816 20 287.5 612.5
9828 20 280.0 612.5
9840 20 273.0 614.5
9852 20 265.5 614.5