0 0 696.0 535.0
12 0 700.0 518.5
24 0 706.5 502.5
36 0 712.5 486.5
48 0 718.5 470.5
60 0 724.5 454.5
72 0 736.5 442.5
84 0 749.0 434.0
96 0 761.0 430.0
108 0 773.0 425.5
120 0 785.0 417.5
132 0 799.0 413.5
144 0 813.0 409.5
156 0 827.0 407.5
168 0 841.0 403.5
180 0 855.5 401.5
192 0 869.5 399.5
204 0 881.5 395.5
216 0 894.0 395.5
228 0 908.0 395.5
0 8 615.0 925.0
12 8 615.0 925.0
24 8 615.0 925.0
36 8 615.0 925.0
48 8 615.0 925.0
60 8 615.0 925.0
72 8 615.0 925.0
84 8 615.0 925.0
96 8 615.0 925.0
108 8 615.0 925.0
120 8 615.0 925.0
132 8 615.0 925.0
144 8 615.0 925.0
156 8 615.0 925.0
168 8 615.0 925.0
180 8 615.0 925.0
192 8 615.0 925.0
204 8 615.0 925.0
216 8 615.0 925.0
228 8 615.0 925.0
0 10 639.0 925.0
12 10 639.0 925.0
24 10 639.0 925.0
36 10 639.0 925.0
48 10 639.0 925.0
60 10 639.0 925.0
72 10 639.0 925.0
84 10 639.0 925.0
96 10 639.0 925.0
108 10 639.0 925.0
120 10 639.0 925.0
132 10 639.0 925.0
144 10 639.0 925.0
156 10 639.0 925.0
168 10 639.0 925.0
180 10 639.0 925.0
192 10 639.0 925.0
204 10 639.0 925.0
216 10 639.0 925.0
228 10 639.0 925.0
0 12 666.0 933.0
12 12 666.0 933.0
24 12 666.0 933.0
36 12 666.0 933.0
48 12 666.0 933.0
60 12 666.0 933.0
72 12 666.0 933.0
84 12 666.0 933.0
96 12 666.0 933.0
108 12 666.0 933.0
120 12 666.0 933.0
132 12 666.0 933.0
144 12 666.0 933.0
156 12 666.0 933.0
168 12 666.0 933.0
180 12 666.0 933.0
192 12 666.0 933.0
204 12 666.0 933.0
216 12 666.0 933.0
228 12 666.0 933.0
0 14 663.0 959.5
12 14 663.0 959.5
24 14 663.0 959.5
36 14 663.0 959.5
48 14 663.0 959.5
60 14 663.0 959.5
72 14 663.0 959.5
84 14 663.0 959.5
96 14 663.0 959.5
108 14 663.0 959.5
120 14 663.0 959.5
132 14 663.0 959.5
144 14 663.0 959.5
156 14 663.0 959.5
168 14 663.0 959.5
180 14 663.0 959.5
192 14 663.0 959.5
204 14 663.0 959.5
216 14 663.0 959.5
228 14 663.0 959.5
0 16 1381.0 391.5
12 16 1385.0 383.5
24 16 1390.0 379.5
36 16 1395.0 375.5
48 16 1400.0 367.5
60 16 1405.0 363.5
72 16 1410.0 359.5
84 16 1414.0 355.5
96 16 1420.0 347.5
108 16 1425.0 343.5
120 16 1427.0 343.5
132 16 1427.0 343.5
144 16 1427.0 343.5
156 16 1427.0 347.5
168 16 1427.0 347.5
180 16 1427.0 351.5
192 16 1427.0 351.5
204 16 1427.0 351.5
216 16 1427.0 355.5
228 16 1427.0 355.5
0 17 721.5 692.5
12 17 717.5 668.5
24 17 715.5 648.5
36 17 711.5 626.0
48 17 709.5 603.5
60 17 707.5 581.5
72 17 705.5 561.5
84 17 705.5 537.5
96 17 707.5 512.5
108 17 709.5 492.5
120 17 709.5 468.5
132 17 711.5 444.5
144 17 713.5 423.5
156 17 717.5 403.5
168 17 721.5 383.5
180 17 725.5 367.5
192 17 729.5 347.5
204 17 729.5 326.5
216 17 729.5 302.5
228 17 729.5 282.5
0 19 946.0 868.5
12 19 946.0 868.5
24 19 946.0 868.5
36 19 946.0 868.5
48 19 946.0 868.5
60 19 946.0 868.5
72 19 946.0 868.5
84 19 946.0 868.5
96 19 946.0 868.5
108 19 946.0 868.5
120 19 946.0 868.5
132 19 946.0 868.5
144 19 946.0 868.5
156 19 946.0 868.5
168 19 946.0 868.5
180 19 946.0 868.5
192 19 946.0 868.5
204 19 946.0 868.5
216 19 946.0 868.5
228 19 946.0 868.5
0 21 671.0 805.5
12 21 669.0 818.0
24 21 667.0 830.5
36 21 665.0 844.5
48 21 665.0 858.5
60 21 663.0 872.5
72 21 663.0 884.5
84 21 669.0 888.5
96 21 677.0 896.5
108 21 683.0 904.5
120 21 685.0 921.0
132 21 689.0 937.5
144 21 689.0 953.5
156 21 687.0 961.5
168 21 681.0 977.5
180 21 675.0 989.5
192 21 671.0 1005.5
204 21 665.0 1022.5
216 21 659.0 1038.5
228 21 657.0 1050.5
0 24 1215.0 824.0
12 24 1201.0 820.0
24 24 1187.0 820.0
36 24 1174.5 820.0
48 24 1160.5 820.0
60 24 1146.5 820.0
72 24 1134.0 820.0
84 24 1120.0 820.0
96 24 1106.0 816.0
108 24 1094.0 816.0
120 24 1080.0 816.0
132 24 1066.0 816.0
144 24 1054.0 816.0
156 24 1040.0 816.0
168 24 1027.5 816.0
180 24 1013.5 816.0
192 24 999.5 812.0
204 24 987.0 812.0
216 24 973.0 812.0
228 24 959.0 812.0
0 26 1212.0 787.5
12 26 1198.0 787.5
24 26 1184.0 787.5
36 26 1169.5 787.5
48 26 1157.5 787.5
60 26 1143.5 787.5
72 26 1129.0 787.5
84 26 1117.0 787.5
96 26 1103.0 787.5
108 26 1089.0 787.5
120 26 1077.0 787.5
132 26 1063.0 787.5
144 26 1049.0 787.5
156 26 1037.0 787.5
168 26 1022.5 787.5
180 26 1008.5 787.5
192 26 996.5 787.5
204 26 982.0 787.5
216 26 968.0 787.5
228 26 956.0 787.5
0 28 137.5 834.0
12 28 151.5 834.0
24 28 168.0 834.0
36 28 184.0 836.5
48 28 200.0 838.5
60 28 216.0 840.5
72 28 232.0 840.5
84 28 248.0 840.5
96 28 264.0 844.5
108 28 280.5 844.5
120 28 296.5 844.5
132 28 313.0 844.5
144 28 329.0 844.5
156 28 347.0 844.5
168 28 363.0 844.5
180 28 381.0 844.5
192 28 397.0 848.5
204 28 413.0 848.5
216 28 431.5 848.5
228 28 445.5 852.5
0 30 135.5 808.0
12 30 149.5 808.0
24 30 166.0 808.0
36 30 182.0 808.0
48 30 198.0 812.0
60 30 214.0 812.0
72 30 228.0 812.0
84 30 244.0 816.0
96 30 260.0 816.0
108 30 276.5 816.0
120 30 291.5 820.0
132 30 308.0 820.0
144 30 323.0 820.0
156 30 339.0 824.0
168 30 354.0 824.0
180 30 370.0 824.0
192 30 386.0 828.0
204 30 400.0 828.0
216 30 412.0 828.0
228 30 426.5 828.0
0 32 984.0 852.5
12 32 984.0 852.5
24 32 984.0 852.5
36 32 984.0 852.5
48 32 984.0 852.5
60 32 984.0 852.5
72 32 984.0 852.5
84 32 984.0 852.5
96 32 984.0 852.5
108 32 984.0 852.5
120 32 984.0 852.5
132 32 984.0 852.5
144 32 984.0 852.5
156 32 984.0 852.5
168 32 984.0 852.5
180 32 984.0 852.5
192 32 984.0 852.5
204 32 984.0 852.5
216 32 984.0 852.5
228 32 984.0 852.5
0 34 1202.0 452.5
12 34 1192.0 448.5
24 34 1184.0 448.5
36 34 1175.5 444.5
48 34 1165.5 444.5
60 34 1157.5 444.5
72 34 1149.5 440.0
84 34 1141.5 440.0
96 34 1131.0 440.0
108 34 1123.0 436.0
120 34 1115.0 436.0
132 34 1107.0 436.0
144 34 1097.0 432.0
156 34 1089.0 432.0
168 34 1081.0 432.0
180 34 1073.0 428.0
192 34 1063.0 428.0
204 34 1053.0 428.0
216 34 1043.0 428.0
228 34 1035.0 425.5
0 36 761.0 510.5
12 36 761.0 510.5
24 36 761.0 510.5
36 36 761.0 510.5
48 36 761.0 510.5
60 36 761.0 510.5
72 36 761.0 510.5
84 36 761.0 510.5
96 36 763.0 510.5
108 36 763.0 510.5
120 36 763.0 510.5
132 36 763.0 510.5
144 36 763.0 510.5
156 36 763.0 510.5
168 36 763.0 510.5
180 36 763.0 510.5
192 36 765.0 510.5
204 36 765.0 510.5
216 36 765.0 510.5
228 36 765.0 510.5
0 38 746.0 896.5
12 38 744.0 880.5
24 38 744.0 864.5
36 38 742.0 848.5
48 38 742.0 832.0
60 38 740.5 816.0
72 38 739.5 799.5
84 38 738.5 783.5
96 38 738.5 767.5
108 38 737.5 755.5
120 38 736.5 739.0
132 38 736.5 723.0
144 38 732.5 707.0
156 38 727.5 686.5
168 38 722.5 670.5
180 38 717.5 654.5
192 38 715.5 638.0
204 38 714.5 618.0
216 38 714.5 601.5
228 38 712.5 585.5
0 40 727.5 901.0
12 40 725.5 884.5
24 40 723.5 868.5
36 40 721.5 852.5
48 40 719.5 836.0
60 40 717.5 820.0
72 40 715.5 804.0
84 40 713.5 787.5
96 40 711.5 771.5
108 40 709.5 755.5
120 40 707.0 739.0
132 40 703.0 723.0
144 40 701.0 707.0
156 40 699.0 690.5
168 40 695.0 674.5
180 40 693.0 658.5
192 40 691.0 642.0
204 40 687.0 626.0
216 40 685.0 610.0
228 40 683.0 593.5
0 42 742.5 1292.5
12 42 741.5 1276.5
24 42 741.5 1260.5
36 42 741.5 1248.5
48 42 741.5 1232.5
60 42 741.5 1220.5
72 42 741.5 1203.5
84 42 741.5 1191.5
96 42 741.5 1175.5
108 42 741.5 1163.5
120 42 741.5 1147.5
132 42 741.5 1135.5
144 42 741.5 1119.5
156 42 741.5 1106.5
168 42 741.5 1090.5
180 42 741.5 1078.5
192 42 741.5 1062.5
204 42 741.5 1050.5
216 42 741.5 1034.5
228 42 740.5 1022.5
0 44 80.0 698.5
12 44 96.0 698.5
24 44 112.0 698.5
36 44 128.5 698.5
48 44 146.5 698.5
60 44 162.5 698.5
72 44 179.0 698.5
84 44 197.0 698.5
96 44 213.0 698.5
108 44 229.0 698.5
120 44 245.0 698.5
132 44 263.0 698.5
144 44 279.5 698.5
156 44 295.5 698.5
168 44 314.0 698.5
180 44 330.0 698.5
192 44 346.0 698.5
204 44 364.0 698.5
216 44 380.0 698.5
228 44 396.0 698.5
0 46 822.0 444.5
12 46 822.0 444.5
24 46 822.0 444.5
36 46 822.0 444.5
48 46 822.0 444.5
60 46 822.0 444.5
72 46 822.0 444.5
84 46 822.0 444.5
96 46 822.0 444.5
108 46 822.0 444.5
120 46 822.0 444.5
132 46 822.0 444.5
144 46 822.0 444.5
156 46 822.0 444.5
168 46 822.0 444.5
180 46 822.0 444.5
192 46 822.0 444.5
204 46 822.0 444.5
216 46 822.0 444.5
228 46 822.0 444.5
12 6 1264.0 1870.5
24 6 1272.0 1866.5
36 6 1278.5 1862.5
48 6 1286.5 1858.5
60 6 1294.5 1850.5
72 6 1302.5 1838.5
84 6 1312.5 1826.5
96 6 1320.5 1814.5
108 6 1330.5 1806.5
120 6 1343.0 1802.5
132 6 1355.0 1798.5
144 6 1367.0 1794.0
156 6 1377.0 1790.0
168 6 1389.0 1785.5
180 6 1401.0 1781.5
192 6 1411.0 1781.5
204 6 1417.0 1781.5
216 6 1423.0 1781.5
228 6 1434.0 1781.5
240 6 1430.17 1783.72
180 5 453.5 1935.0
192 5 458.0 1909.0
204 5 466.0 1905.0
216 5 474.0 1903.0
228 5 480.0 1897.0
240 5 488.0 1893.0
252 5 498.0 1887.0
264 5 506.0 1879.0
276 5 516.0 1874.5
288 5 526.0 1866.5
300 5 531.0 1862.5
312 5 533.0 1858.5
324 5 538.0 1850.5
336 5 542.0 1842.5
348 5 546.0 1834.5
360 5 548.0 1826.5
372 5 548.0 1826.5
384 5 548.0 1826.5
396 5 548.0 1826.5
408 5 548.0 1826.5
204 23 791.0 1915.0
216 23 789.0 1905.0
228 23 788.0 1897.0
240 23 787.0 1889.0
252 23 787.0 1881.0
264 23 787.0 1868.5
276 23 787.0 1856.5
288 23 787.0 1844.5
300 23 787.0 1832.5
312 23 787.0 1820.5
324 23 787.0 1804.5
336 23 787.0 1792.0
348 23 787.0 1779.5
360 23 787.0 1767.5
372 23 787.0 1755.5
384 23 787.0 1743.5
396 23 787.0 1731.5
408 23 787.0 1719.5
420 23 787.0 1703.0
432 23 787.0 1691.0
240 1 920.0 391.5
252 1 932.0 391.5
264 1 946.0 387.5
276 1 958.0 387.5
288 1 970.0 387.5
300 1 982.0 383.5
312 1 996.5 383.5
324 1 1008.5 383.5
336 1 1020.5 379.5
348 1 1034.5 379.5
360 1 1047.0 379.5
372 1 1059.0 379.5
384 1 1069.0 379.5
396 1 1079.0 379.5
408 1 1091.0 379.5
420 1 1101.0 379.5
432 1 1111.0 379.5
444 1 1123.0 379.5
456 1 1133.0 379.5
468 1 1143.5 379.5
240 9 615.0 925.0
252 9 615.0 925.0
264 9 615.0 925.0
276 9 615.0 925.0
288 9 615.0 925.0
300 9 615.0 925.0
312 9 615.0 925.0
324 9 615.0 925.0
336 9 615.0 925.0
348 9 615.0 925.0
360 9 615.0 925.0
372 9 615.0 925.0
384 9 615.0 925.0
396 9 615.0 925.0
408 9 615.0 925.0
420 9 615.0 925.0
432 9 615.0 925.0
444 9 615.0 925.0
456 9 615.0 925.0
468 9 615.0 925.0
240 11 639.0 925.0
252 11 639.0 925.0
264 11 639.0 925.0
276 11 639.0 925.0
288 11 639.0 925.0
300 11 639.0 925.0
312 11 639.0 925.0
324 11 639.0 925.0
336 11 639.0 925.0
348 11 639.0 925.0
360 11 639.0 925.0
372 11 639.0 925.0
384 11 639.0 925.0
396 11 639.0 925.0
408 11 639.0 925.0
420 11 639.0 925.0
432 11 639.0 925.0
444 11 639.0 925.0
456 11 639.0 925.0
468 11 639.0 925.0
240 13 666.0 933.0
252 13 666.0 933.0
264 13 666.0 933.0
276 13 666.0 933.0
288 13 666.0 933.0
300 13 666.0 933.0
312 13 666.0 933.0
324 13 666.0 933.0
336 13 666.0 933.0
348 13 666.0 933.0
360 13 666.0 933.0
372 13 666.0 933.0
384 13 666.0 933.0
396 13 666.0 933.0
408 13 666.0 933.0
420 13 666.0 933.0
432 13 666.0 933.0
444 13 666.0 933.0
456 13 666.0 933.0
468 13 666.0 933.0
240 15 663.0 959.5
252 15 663.0 959.5
264 15 663.0 959.5
276 15 663.0 959.5
288 15 663.0 959.5
300 15 663.0 959.5
312 15 663.0 959.5
324 15 663.0 959.5
336 15 663.0 959.5
348 15 663.0 959.5
360 15 663.0 959.5
372 15 663.0 959.5
384 15 663.0 959.5
396 15 663.0 959.5
408 15 663.0 959.5
420 15 663.0 959.5
432 15 663.0 959.5
444 15 663.0 959.5
456 15 663.0 959.5
468 15 663.0 959.5
240 18 731.5 262.5
252 18 733.5 242.0
264 18 735.5 217.5
276 18 737.5 197.5
288 18 739.5 177.5
300 18 743.5 157.5
312 18 743.5 132.5
324 18 746.0 108.5
336 18 748.0 84.5
348 18 750.0 60.5
360 18 752.0 46.0
372 18 752.0 28.0
384 18 750.47 36.01
396 18 746.8 79.23
408 18 743.13 122.46
420 18 739.46 165.68
432 18 735.79 208.9
444 18 732.12 252.13
456 18 728.44 295.35
468 18 724.77 338.58
240 20 946.0 868.5
252 20 946.0 868.5
264 20 946.0 868.5
276 20 946.0 868.5
288 20 946.0 868.5
300 20 946.0 868.5
312 20 946.0 868.5
324 20 946.0 868.5
336 20 946.0 868.5
348 20 946.0 868.5
360 20 946.0 868.5
372 20 946.0 868.5
384 20 946.0 868.5
396 20 946.0 868.5
408 20 946.0 868.5
420 20 946.0 868.5
432 20 946.0 868.5
444 20 946.0 868.5
456 20 946.0 868.5
468 20 946.0 868.5
240 22 657.0 1062.5
252 22 655.0 1074.5
264 22 655.0 1090.5
276 22 653.0 1102.5
288 22 653.0 1115.0
300 22 651.0 1127.5
312 22 651.0 1139.5
324 22 649.0 1155.5
336 22 647.0 1167.5
348 22 647.0 1179.5
360 22 647.0 1191.5
372 22 647.0 1208.0
384 22 647.0 1220.5
396 22 647.0 1236.5
408 22 647.0 1248.5
420 22 647.0 1264.5
432 22 649.0 1276.5
444 22 649.0 1288.5
456 22 649.0 1305.0
468 22 649.0 1317.5
240 25 947.0 812.0
252 25 933.0 812.0
264 25 919.0 812.0
276 25 907.0 812.0
288 25 895.0 812.0
300 25 884.5 816.0
312 25 872.5 820.0
324 25 862.5 824.0
336 25 852.5 828.0
348 25 840.0 832.0
360 25 830.0 836.5
372 25 820.0 840.5
384 25 808.0 844.5
396 25 800.0 852.5
408 25 792.0 864.5
420 25 786.0 880.5
432 25 778.0 892.5
444 25 776.0 904.5
456 25 774.0 913.0
468 25 772.0 925.0
240 27 942.0 787.5
252 27 928.0 787.5
264 27 916.0 787.5
276 27 902.0 787.5
288 27 888.0 787.5
300 27 873.5 791.5
312 27 859.5 795.5
324 27 843.0 799.5
336 27 829.0 803.5
348 27 817.0 812.0
360 27 809.0 820.0
372 27 801.0 832.0
384 27 793.0 840.5
396 27 785.0 852.5
408 27 775.0 860.5
420 27 767.0 872.5
432 27 759.0 880.5
444 27 751.0 892.5
456 27 749.0 905.0
468 27 747.0 917.0
240 29 458.0 852.5
252 29 472.0 856.5
264 29 484.0 856.5
276 29 496.0 856.5
288 29 506.0 860.5
300 29 512.0 860.5
312 29 518.0 864.5
324 29 525.0 864.5
336 29 533.0 868.5
348 29 543.0 868.5
360 29 555.0 868.5
372 29 565.5 868.5
384 29 575.5 868.5
396 29 585.5 872.5
408 29 595.5 876.5
420 29 606.0 884.5
432 29 614.0 888.5
444 29 624.0 892.5
456 29 634.0 896.5
468 29 638.0 900.5
240 31 440.5 832.0
252 31 455.0 832.0
264 31 469.0 832.0
276 31 481.0 836.0
288 31 489.0 836.0
300 31 499.0 840.0
312 31 507.0 844.5
324 31 517.0 844.5
336 31 525.0 848.5
348 31 535.0 848.5
360 31 543.0 852.5
372 31 551.0 856.5
384 31 563.5 856.5
396 31 573.5 856.5
408 31 585.5 856.5
420 31 595.5 860.5
432 31 606.0 864.5
444 31 616.0 868.5
456 31 626.0 872.5
468 31 632.0 872.5
240 33 984.0 852.5
252 33 984.0 852.5
264 33 984.0 852.5
276 33 984.0 852.5
288 33 984.0 852.5
300 33 984.0 852.5
312 33 984.0 852.5
324 33 984.0 852.5
336 33 984.0 852.5
348 33 984.0 852.5
360 33 984.0 852.5
372 33 984.0 852.5
384 33 984.0 852.5
396 33 984.0 852.5
408 33 984.0 852.5
420 33 984.0 852.5
432 33 984.0 852.5
444 33 984.0 852.5
456 33 984.0 852.5
468 33 984.0 852.5
240 35 1024.5 425.5
252 35 1014.5 425.5
264 35 1006.5 425.5
276 35 994.0 421.5
288 35 982.0 421.5
300 35 970.0 417.5
312 35 958.0 417.5
324 35 946.0 413.5
336 35 932.0 413.5
348 35 916.0 413.5
360 35 902.0 413.5
372 35 885.5 413.5
384 35 871.5 413.5
396 35 855.5 415.5
408 35 843.0 415.5
420 35 829.0 419.5
432 35 815.0 423.5
444 35 803.0 423.5
456 35 789.0 427.5
468 35 775.0 432.0
240 37 765.0 510.5
252 37 765.0 510.5
264 37 765.0 510.5
276 37 765.0 510.5
288 37 767.0 506.5
300 37 769.0 506.5
312 37 769.0 506.5
324 37 771.0 506.5
336 37 771.0 506.5
348 37 767.0 506.5
360 37 765.0 506.5
372 37 763.0 506.5
384 37 759.0 506.5
396 37 757.0 506.5
408 37 757.0 510.5
420 37 757.0 510.5
432 37 757.0 510.5
444 37 757.0 510.5
456 37 757.0 510.5
468 37 757.0 510.5
240 39 710.5 569.5
252 39 706.5 553.5
264 39 704.0 541.0
276 39 704.0 525.0
288 39 704.0 513.0
300 39 710.5 496.5
312 39 718.5 480.5
324 39 728.5 468.5
336 39 740.5 460.5
348 39 753.0 452.0
360 39 767.0 444.0
372 39 779.0 436.0
384 39 791.0 428.0
396 39 805.0 420.0
408 39 819.0 416.0
420 39 833.0 411.5
432 39 847.0 407.5
444 39 861.5 403.5
456 39 875.5 403.5
468 39 892.0 403.5
240 41 683.0 577.5
252 41 683.0 561.5
264 41 683.0 545.0
276 41 683.0 529.0
288 41 684.0 517.0
300 41 690.0 496.5
312 41 696.0 476.5
324 41 704.0 460.5
336 41 715.5 452.0
348 41 729.5 444.0
360 41 744.0 432.0
372 41 759.0 422.0
384 41 773.0 411.5
396 41 787.0 401.5
408 41 802.0 393.5
420 41 817.0 387.5
432 41 831.0 387.5
444 41 849.0 383.5
456 41 867.5 379.5
468 41 886.0 379.5
240 43 738.5 1005.5
252 43 736.5 993.5
264 43 734.5 977.5
276 43 732.5 965.5
288 43 730.5 949.5
300 43 728.5 937.5
312 43 726.5 921.0
324 43 726.5 904.5
336 43 724.5 892.5
348 43 722.5 876.5
360 43 720.5 864.5
372 43 718.5 848.5
384 43 716.5 836.5
396 43 714.5 824.0
408 43 712.5 807.5
420 43 710.5 795.5
432 43 708.5 779.5
444 43 706.5 767.5
456 43 704.5 751.5
468 43 702.5 739.5
240 45 412.5 698.5
252 45 430.5 698.5
264 45 446.5 698.5
276 45 463.0 698.5
288 45 481.0 698.5
300 45 497.0 698.5
312 45 513.0 698.5
324 45 531.0 698.5
336 45 547.0 702.5
348 45 565.5 702.5
360 45 581.5 702.5
372 45 599.5 706.5
384 45 618.0 706.5
396 45 636.0 706.5
408 45 652.0 710.5
420 45 670.0 710.5
432 45 688.0 710.5
444 45 706.5 714.5
456 45 722.5 714.5
468 45 740.5 719.0
240 47 822.0 444.5
252 47 822.0 444.5
264 47 822.0 444.5
276 47 822.0 444.5
288 47 822.0 444.5
300 47 822.0 444.5
312 47 822.0 444.5
324 47 822.0 444.5
336 47 822.0 444.5
348 47 822.0 444.5
360 47 822.0 444.5
372 47 822.0 444.5
384 47 822.0 444.5
396 47 822.0 444.5
408 47 822.0 444.5
420 47 822.0 444.5
432 47 822.0 444.5
444 47 822.0 444.5
456 47 822.0 444.5
468 47 822.0 444.5
252 7 1424.91 1786.15
264 7 1419.64 1788.57
276 7 1414.38 1790.99
288 7 1409.11 1793.42
300 7 1403.85 1795.84
312 7 1398.58 1798.26
324 7 1393.32 1800.69
336 7 1388.05 1803.11
348 7 1382.79 1805.54
360 7 1377.52 1807.96
372 7 1372.26 1810.38
384 7 1367.0 1812.81
396 7 1361.73 1815.23
408 7 1356.47 1817.66
420 7 1351.2 1820.08
432 7 1345.94 1822.5
444 7 1340.67 1824.93
456 7 1335.41 1827.35
468 7 1330.14 1829.77
480 7 1324.88 1832.2