0 32 820.5 1146.5
12 32 833.5 1146.5
24 32 848.5 1146.5
36 32 862.5 1146.5
48 32 877.5 1146.5
60 32 891.5 1146.5
72 32 906.5 1146.5
84 32 920.5 1146.5
96 32 935.5 1146.5
108 32 949.5 1142.5
120 32 964.5 1142.5
132 32 979.5 1142.5
144 32 995.5 1142.5
156 32 1010.5 1142.5
168 32 1024.5 1142.5
180 32 1039.5 1142.5
192 32 1053.5 1142.5
204 32 1068.5 1142.5
216 32 1084.5 1142.5
228 32 1099.5 1142.5
0 33 294.5 1837.5
12 33 283.5 1824.5
24 33 274.5 1812.5
36 33 265.5 1804.5
48 33 256.5 1791.5
60 33 247.0 1783.5
72 33 238.0 1771.5
84 33 229.0 1763.0
96 33 219.5 1750.5
108 33 210.5 1738.5
120 33 201.5 1730.0
132 33 192.5 1717.5
144 33 183.5 1709.5
156 33 174.5 1697.0
168 33 165.5 1688.5
180 33 156.0 1676.5
192 33 147.0 1664.0
204 33 136.0 1655.5
216 33 127.0 1643.5
228 33 118.0 1635.5
0 59 1294.0 1686.5
12 59 1293.5 1649.5
24 59 1293.5 1612.5
36 59 1292.5 1575.5
48 59 1292.5 1542.5
60 59 1291.5 1505.5
72 59 1291.5 1468.5
84 59 1290.5 1435.5
96 59 1290.5 1397.5
108 59 1290.5 1360.5
120 59 1289.5 1327.5
132 59 1289.5 1290.5
144 59 1285.0 1257.5
156 59 1277.0 1228.5
168 59 1270.5 1199.5
180 59 1252.5 1175.5
192 59 1234.0 1150.5
204 59 1212.5 1129.5
216 59 1181.5 1117.5
228 59 1150.5 1109.5
0 71 1150.5 1018.5
12 71 1137.5 1014.0
24 71 1124.5 1014.0
36 71 1112.0 1014.0
48 71 1099.5 1014.0
60 71 1088.5 1014.0
72 71 1075.5 1014.0
84 71 1064.5 1014.0
96 71 1052.0 1014.0
108 71 1041.0 1014.0
120 71 1028.5 1014.0
132 71 1015.5 1014.0
144 71 1004.5 1014.0
156 71 992.0 1014.0
168 71 981.0 1014.0
180 71 968.5 1014.0
192 71 957.5 1014.0
204 71 944.5 1014.0
216 71 933.5 1014.0
228 71 921.0 1014.0
0 75 1150.5 989.5
12 75 1137.5 985.5
24 75 1124.5 985.5
36 75 1112.0 985.5
48 75 1099.5 985.5
60 75 1088.5 985.5
72 75 1075.5 985.5
84 75 1064.5 985.5
96 75 1052.0 985.5
108 75 1041.0 985.5
120 75 1028.5 985.5
132 75 1015.5 985.5
144 75 1004.5 985.5
156 75 992.0 985.5
168 75 981.0 989.5
180 75 968.5 989.5
192 75 957.5 989.5
204 75 944.5 989.5
216 75 933.5 989.5
228 75 921.0 989.5
48 79 1290.5 1055.5
60 79 1280.5 1055.5
72 79 1268.0 1051.5
84 79 1255.0 1047.5
96 79 1242.0 1043.0
108 79 1229.0 1043.0
120 79 1216.0 1039.0
132 79 1203.0 1035.0
144 79 1190.0 1035.0
156 79 1178.0 1031.0
168 79 1165.0 1031.0
180 79 1152.0 1031.0
192 79 1139.0 1031.0
204 79 1127.0 1028.5
216 79 1114.0 1026.5
228 79 1101.0 1026.5
240 79 1088.0 1026.5
252 79 1076.0 1024.5
264 79 1063.0 1024.5
276 79 1048.0 1022.5
240 60 1121.0 1096.5
252 60 1090.5 1088.5
264 60 1057.5 1084.5
276 60 1024.5 1082.5
288 60 990.0 1080.5
300 60 957.5 1078.5
312 60 924.5 1074.5
324 60 891.5 1074.5
336 60 857.0 1070.0
348 60 820.5 1065.5
360 60 786.0 1061.5
372 60 751.5 1053.5
384 60 717.0 1049.5
396 60 682.5 1045.5
408 60 647.5 1041.5
420 60 613.0 1037.0
432 60 576.5 1032.5
444 60 542.0 1028.5
456 60 507.5 1024.5
468 60 474.5 1024.5
240 72 910.0 1014.0
252 72 897.5 1014.0
264 72 886.5 1014.0
276 72 873.5 1014.0
288 72 860.5 1014.0
300 72 850.0 1014.0
312 72 837.0 1014.0
324 72 826.0 1014.0
336 72 813.5 1014.0
348 72 800.5 1014.0
360 72 789.5 1014.0
372 72 777.0 1014.0
384 72 764.5 1014.0
396 72 753.5 1014.0
408 72 740.5 1014.0
420 72 729.5 1014.0
432 72 717.0 1014.0
444 72 704.0 1014.0
456 72 693.5 1014.0
468 72 680.5 1014.0
240 76 910.0 989.5
252 76 897.5 989.5
264 76 886.5 989.5
276 76 873.5 989.5
288 76 860.5 989.5
300 76 850.0 989.5
312 76 837.0 989.5
324 76 826.0 989.5
336 76 813.5 989.5
348 76 800.5 989.5
360 76 789.5 985.5
372 76 777.0 985.5
384 76 764.5 985.5
396 76 753.5 985.5
408 76 740.5 985.5
420 76 729.5 985.5
432 76 717.0 981.0
444 76 704.0 981.0
456 76 693.5 981.0
468 76 680.5 981.0
252 61 132.5 16.5
264 61 130.5 26.5
276 61 129.5 39.0
288 61 129.5 51.0
300 61 129.5 63.5
312 61 130.5 76.0
324 61 132.5 88.0
336 61 132.5 98.5
348 61 134.0 109.0
360 61 134.0 119.0
372 61 134.0 129.5
384 61 134.0 140.0
396 61 136.0 148.0
408 61 136.0 156.0
420 61 136.0 169.0
432 61 138.0 181.0
444 61 139.5 193.5
456 61 141.5 202.0
468 61 145.0 214.0
480 61 145.0 226.5
276 64 110.5 24.5
288 64 110.5 41.0
300 64 110.5 49.0
312 64 110.5 61.5
324 64 112.5 74.0
336 64 112.5 86.0
348 64 114.0 98.5
360 64 114.0 107.0
372 64 114.0 119.0
384 64 114.0 131.5
396 64 116.0 140.0
408 64 116.0 152.0
420 64 116.0 164.5
432 64 118.0 173.0
444 64 118.0 185.0
456 64 119.5 193.5
468 64 121.5 202.0
480 64 125.0 214.0
492 64 127.0 222.0
504 64 128.0 230.5
288 80 1036.0 1020.5
300 80 1023.0 1020.5
312 80 1010.0 1020.5
324 80 997.0 1020.5
336 80 985.0 1018.5
348 80 972.0 1018.5
360 80 959.0 1018.5
372 80 946.0 1018.5
384 80 934.0 1018.5
396 80 921.0 1018.5
408 80 908.0 1018.5
420 80 895.0 1018.5
432 80 883.0 1018.5
444 80 870.0 1018.5
456 80 857.0 1018.5
468 80 844.0 1018.5
480 80 832.0 1018.5
492 80 819.0 1018.5
504 80 806.0 1016.5
516 80 792.5 1018.5
480 73 669.5 1014.0
492 73 656.5 1014.0
504 73 644.0 1014.0
516 73 632.0 1014.0
528 73 619.5 1016.5
540 73 608.0 1016.5
552 73 594.0 1016.5
564 73 581.0 1016.5
576 73 568.5 1016.5
588 73 556.0 1012.0
600 73 543.0 1012.0
612 73 530.0 1012.0
624 73 519.0 1012.0
636 73 506.5 1012.0
648 73 496.0 1012.0
660 73 483.0 1012.0
672 73 472.0 1012.0
684 73 459.0 1012.0
696 73 447.5 1012.0
708 73 435.5 1014.5
480 77 669.5 981.0
492 77 656.5 981.0
504 77 645.0 981.0
516 77 634.0 981.0
528 77 622.0 981.0
540 77 611.0 981.0
552 77 598.5 983.5
564 77 586.0 983.5
576 77 571.0 983.5
588 77 558.5 983.5
600 77 546.0 983.5
612 77 531.0 983.5
624 77 520.0 983.5
636 77 509.0 983.5
648 77 498.5 983.5
660 77 487.5 983.5
672 77 476.5 983.5
684 77 464.0 983.5
696 77 453.0 983.5
708 77 442.0 979.0
492 62 145.0 235.0
504 62 144.5 243.0
516 62 144.5 255.0
528 62 144.5 266.0
540 62 144.5 278.0
552 62 144.5 286.0
564 62 145.5 299.0
576 62 145.5 309.0
588 62 145.5 321.0
600 62 145.5 330.0
612 62 146.5 342.0
624 62 146.5 352.0
636 62 146.5 365.0
648 62 146.5 373.0
660 62 146.5 385.0
672 62 147.0 395.5
684 62 147.0 408.0
696 62 147.0 416.0
708 62 147.0 428.5
720 62 147.0 439.0
504 86 108.0 467.5
516 86 108.0 443.0
528 86 108.0 416.0
540 86 109.0 391.5
552 86 105.0 371.0
564 86 105.0 350.0
576 86 107.0 325.5
588 86 109.0 300.5
600 86 110.5 280.0
612 86 112.5 259.5
624 86 116.0 243.0
636 86 118.0 222.5
648 86 120.0 197.5
660 86 123.0 168.5
672 86 125.0 148.0
684 86 123.0 140.0
696 86 123.0 123.5
708 86 123.0 107.0
720 86 123.0 90.5
732 86 123.0 74.0
516 65 128.0 241.0
528 65 128.0 253.0
540 65 128.0 264.0
552 65 128.0 274.0
564 65 128.0 282.0
576 65 128.0 292.5
588 65 128.0 303.0
600 65 127.0 313.0
612 65 127.0 325.5
624 65 127.0 333.5
636 65 127.0 344.0
648 65 127.0 354.5
660 65 127.0 364.5
672 65 127.0 372.5
684 65 127.0 383.5
696 65 126.5 395.5
708 65 126.5 405.5
720 65 126.5 416.5
732 65 126.5 424.5
744 65 126.5 434.5
528 81 778.5 1018.5
540 81 766.0 1020.5
552 81 751.5 1018.0
564 81 740.5 1018.0
576 81 730.0 1014.0
588 81 717.0 1010.0
600 81 706.0 1006.0
612 81 693.0 1002.0
624 81 680.5 1002.0
636 81 669.5 1002.0
648 81 657.0 1002.0
660 81 644.0 1002.0
672 81 631.0 1002.0
684 81 618.5 1002.0
696 81 606.0 1002.0
708 81 593.0 998.0
720 81 580.0 998.0
732 81 569.5 998.0
744 81 557.0 998.0
756 81 544.0 998.0
720 74 424.0 1014.5
732 74 412.0 1014.5
744 74 400.0 1014.5
756 74 388.0 1014.5
768 74 376.5 1014.5
780 74 363.5 1014.5
792 74 353.0 1014.5
804 74 340.0 1014.5
816 74 329.0 1014.5
828 74 316.5 1014.5
840 74 303.5 1014.5
852 74 291.0 1014.5
864 74 280.0 1014.5
876 74 267.0 1014.5
888 74 254.5 1014.5
900 74 243.5 1014.5
912 74 231.0 1014.5
924 74 218.0 1014.5
936 74 205.0 1014.5
948 74 194.5 1014.5
720 78 431.0 979.0
732 78 420.0 979.0
744 78 407.5 979.0
756 78 396.5 979.0
768 78 385.5 979.0
780 78 374.5 979.0
792 78 364.0 979.0
804 78 351.0 979.0
816 78 338.0 979.0
828 78 325.5 979.0
840 78 313.0 979.0
852 78 300.0 979.0
864 78 287.0 979.0
876 78 274.5 979.0
888 78 262.0 979.0
900 78 249.0 979.0
912 78 236.0 979.0
924 78 223.5 979.0
936 78 211.0 979.0
948 78 198.0 979.0
720 103 23.0 1095.0
732 103 36.0 1093.0
744 103 48.5 1093.0
756 103 61.5 1093.0
768 103 74.0 1093.0
780 103 88.0 1093.0
792 103 100.5 1093.0
804 103 113.5 1093.0
816 103 126.0 1093.0
828 103 138.5 1093.0
840 103 153.5 1097.0
852 103 166.0 1097.0
864 103 179.0 1097.0
876 103 191.5 1101.0
888 103 206.0 1101.0
900 103 219.0 1105.0
912 103 231.5 1105.0
924 103 246.5 1105.0
936 103 259.0 1109.0
948 103 271.5 1109.0
732 63 148.0 451.0
744 63 148.0 459.5
756 63 148.0 472.0
768 63 148.0 482.0
780 63 149.0 494.5
792 63 147.0 507.0
804 63 145.0 519.5
816 63 145.0 531.5
828 63 143.5 544.0
840 63 143.5 556.5
852 63 141.5 573.0
864 63 139.5 585.5
876 63 139.5 597.5
888 63 138.0 610.0
900 63 138.0 622.5
912 63 138.0 626.5
924 63 138.0 626.5
936 63 138.0 626.5
948 63 138.0 626.5
960 63 138.0 626.5
744 87 123.0 59.5
756 87 123.0 45.0
768 87 123.0 33.0
780 87 123.04 33.9
792 87 123.09 34.89
804 87 123.14 35.88
816 87 123.19 36.86
828 87 123.24 37.85
840 87 123.29 38.84
852 87 123.34 39.82
864 87 123.38 40.81
876 87 123.43 41.8
888 87 123.48 42.78
900 87 123.53 43.77
912 87 123.58 44.76
924 87 123.63 45.74
936 87 123.68 46.73
948 87 123.72 47.72
960 87 123.77 48.7
972 87 123.82 49.69
756 66 126.5 445.0
768 66 126.5 455.5
780 66 126.5 468.0
792 66 126.5 480.0
804 66 126.5 492.5
816 66 127.5 509.0
828 66 127.5 521.5
840 66 127.5 538.0
852 66 129.5 550.0
864 66 129.5 567.0
876 66 131.5 579.0
888 66 131.5 595.5
900 66 131.5 608.0
912 66 133.5 612.0
924 66 133.5 612.0
936 66 133.5 612.0
948 66 133.5 612.0
960 66 133.5 612.0
972 66 133.5 612.0
984 66 133.5 612.0
756 67 50.5 744.0
768 67 68.5 727.5
780 67 87.5 711.0
792 67 102.5 690.5
804 67 102.5 661.5
816 67 100.5 628.5
828 67 98.5 600.0
840 67 98.5 567.0
852 67 100.5 534.0
864 67 104.5 501.0
876 67 107.5 468.0
888 67 111.5 430.5
900 67 115.0 397.5
912 67 117.0 369.0
924 67 117.0 340.0
936 67 117.0 315.0
948 67 117.0 286.0
960 67 118.5 253.0
972 67 120.5 216.0
984 67 122.5 183.0
768 82 531.0 998.0
780 82 518.5 998.0
792 82 506.0 998.0
804 82 493.0 994.0
816 82 482.0 994.0
828 82 471.0 994.0
840 82 458.0 994.0
852 82 447.5 994.0
864 82 435.0 994.0
876 82 424.0 990.0
888 82 411.0 990.0
900 82 400.0 990.0
912 82 389.0 990.0
924 82 376.5 990.0
936 82 365.5 985.0
948 82 353.0 985.0
960 82 342.0 985.0
972 82 329.0 985.0
984 82 318.0 985.0
996 82 307.0 985.0
960 104 284.5 1109.0
972 104 299.0 1113.0
984 104 311.5 1113.0
996 104 324.5 1113.0
1008 104 339.0 1115.0
1020 104 353.5 1115.0
1032 104 367.5 1115.0
1044 104 381.5 1115.0
1056 104 396.5 1115.0
1068 104 409.5 1115.0
1080 104 422.0 1115.0
1092 104 434.5 1115.0
1104 104 447.5 1115.0
1116 104 458.5 1117.5
1128 104 471.0 1117.5
1140 104 483.5 1117.5
1152 104 496.5 1117.5
1164 104 509.5 1117.5
1176 104 522.0 1117.5
1188 104 534.5 1117.5
984 88 123.87 50.68
996 88 123.92 51.66
1008 88 123.97 52.65
1020 88 124.01 53.63
1032 88 124.06 54.62
1044 88 124.11 55.61
1056 88 124.16 56.59
1068 88 124.21 57.58
1080 88 124.26 58.57
1092 88 124.31 59.55
1104 88 124.35 60.54
1116 88 124.4 61.53
1128 88 124.45 62.51
1140 88 124.5 63.5
1152 88 124.5 76.0
1164 88 126.5 88.0
1176 88 127.0 101.0
1188 88 127.0 113.0
1200 88 125.5 121.0
1212 88 123.5 129.5
996 116 1304.0 1236.5
1008 116 1290.5 1210.0
1020 116 1283.0 1200.0
1032 116 1277.0 1190.0
1044 116 1269.5 1179.0
1056 116 1263.5 1169.0
1068 116 1255.5 1159.0
1080 116 1245.0 1150.5
1092 116 1232.5 1142.0
1104 116 1219.5 1138.0
1116 116 1206.5 1130.0
1128 116 1194.0 1121.5
1140 116 1181.5 1113.0
1152 116 1168.5 1105.0
1164 116 1157.5 1101.0
1176 116 1144.5 1093.0
1188 116 1132.0 1084.5
1200 116 1119.5 1076.0
1212 116 1106.5 1072.0
1224 116 1092.0 1064.0
1008 83 294.5 985.0
1020 83 282.5 985.0
1032 83 270.5 985.0
1044 83 259.0 990.0
1056 83 247.5 990.0
1068 83 235.5 990.0
1080 83 223.5 990.0
1092 83 211.5 994.0
1104 83 200.5 994.0
1116 83 189.0 994.0
1128 83 177.0 998.0
1140 83 165.0 998.0
1152 83 153.0 998.0
1164 83 141.5 998.0
1176 83 129.0 1002.0
1188 83 118.0 1002.0
1200 83 107.0 1006.0
1212 83 96.0 1006.0
1224 83 85.0 1006.0
1236 83 74.0 1006.0
1056 84 52.5 781.0
1068 84 59.5 773.0
1080 84 74.5 769.0
1092 84 87.0 760.5
1104 84 96.0 752.5
1116 84 99.5 740.0
1128 84 103.5 727.5
1140 84 107.0 715.0
1152 84 110.5 703.0
1164 84 112.5 694.5
1176 84 116.0 682.0
1188 84 119.5 670.0
1200 84 123.5 657.5
1212 84 127.0 645.0
1224 84 130.5 637.0
1236 84 134.5 624.5
1248 84 137.5 612.0
1260 84 139.5 600.0
1272 84 143.5 587.5
1284 84 145.5 575.0
1068 45 47.5 1142.0
1080 45 56.5 1130.0
1092 45 67.5 1130.0
1104 45 78.5 1130.0
1116 45 89.5 1130.0
1128 45 100.5 1125.5
1140 45 111.5 1125.5
1152 45 123.5 1125.5
1164 45 134.5 1125.5
1176 45 145.0 1125.5
1188 45 156.0 1121.5
1200 45 167.0 1121.5
1212 45 178.0 1121.5
1224 45 189.0 1121.5
1236 45 201.5 1121.5
1248 45 212.5 1121.5
1260 45 223.5 1121.5
1272 45 234.5 1125.5
1284 45 245.5 1125.5
1296 45 256.5 1125.5
1200 105 547.5 1117.5
1212 105 560.5 1117.5
1224 105 573.0 1117.5
1236 105 585.5 1117.5
1248 105 598.5 1117.5
1260 105 611.5 1117.5
1272 105 624.0 1117.5
1284 105 636.5 1117.5
1296 105 649.5 1117.5
1308 105 664.0 1117.5
1320 105 676.5 1117.5
1332 105 689.5 1117.5
1344 105 702.5 1117.5
1356 105 717.0 1117.5
1368 105 729.5 1117.5
1380 105 742.5 1117.5
1392 105 757.0 1117.5
1404 105 769.0 1117.5
1416 105 779.5 1117.5
1428 105 791.5 1117.5
1224 89 123.5 138.0
1236 89 121.5 146.0
1248 89 119.5 158.0
1260 89 117.5 167.0
1272 89 116.0 175.0
1284 89 116.0 183.0
1296 89 116.0 195.5
1308 89 114.5 204.0
1320 89 114.5 212.0
1332 89 114.5 220.0
1344 89 114.5 233.0
1356 89 112.5 241.0
1368 89 112.5 249.0
1380 89 112.5 261.5
1392 89 110.5 270.0
1404 89 110.5 278.0
1416 89 110.5 290.0
1428 89 110.5 299.0
1440 89 110.5 307.0
1452 89 110.5 319.0
1236 117 1073.5 1055.5
1248 117 1055.5 1051.5
1260 117 1037.5 1043.0
1272 117 1019.5 1039.0
1284 117 1001.0 1031.0
1296 117 984.5 1027.0
1308 117 970.0 1027.0
1320 117 957.5 1022.5
1332 117 942.5 1018.5
1344 117 928.5 1018.5
1356 117 916.5 1014.0
1368 117 904.5 1014.0
1380 117 893.0 1010.0
1392 117 881.0 1008.0
1404 117 869.0 1006.0
1416 117 858.0 1004.0
1428 117 846.5 1000.0
1440 117 831.5 1000.0
1452 117 815.5 1000.0
1464 117 800.5 996.0
1296 85 145.5 562.5
1308 85 145.5 550.0
1320 85 145.5 538.0
1332 85 145.5 523.5
1344 85 145.5 511.0
1356 85 145.5 499.0
1368 85 145.5 486.0
1380 85 145.5 474.0
1392 85 143.5 461.5
1404 85 143.5 449.0
1416 85 143.5 437.0
1428 85 141.5 424.5
1440 85 141.5 412.0
1452 85 141.5 400.0
1464 85 141.5 387.0
1476 85 139.5 375.0
1488 85 139.5 362.5
1500 85 139.5 350.0
1512 85 137.5 338.0
1524 85 136.0 325.5
1308 46 267.0 1130.0
1320 46 278.0 1130.0
1332 46 289.0 1134.0
1344 46 300.0 1134.0
1356 46 311.0 1134.0
1368 46 321.5 1134.0
1380 46 334.5 1138.0
1392 46 345.5 1138.0
1404 46 356.5 1138.0
1416 46 369.0 1142.0
1428 46 380.0 1142.0
1440 46 391.0 1142.0
1452 46 402.0 1142.0
1464 46 414.5 1146.5
1476 46 425.5 1146.5
1488 46 436.5 1146.5
1500 46 449.5 1150.5
1512 46 455.5 1148.5
1524 46 462.0 1146.0
1536 46 468.0 1146.0
1356 108 1283.5 1926.0
1368 108 1283.5 1913.5
1380 108 1283.5 1905.0
1392 108 1283.5 1893.0
1404 108 1283.5 1880.5
1416 108 1283.5 1868.0
1428 108 1284.5 1856.0
1440 108 1284.5 1847.5
1452 108 1284.5 1835.0
1464 108 1284.5 1823.0
1476 108 1284.5 1810.5
1488 108 1284.5 1798.0
1500 108 1285.0 1790.0
1512 108 1280.0 1763.0
1524 108 1275.0 1738.5
1536 108 1275.0 1734.5
1548 108 1274.0 1725.5
1560 108 1274.0 1717.5
1572 108 1274.0 1709.5
1584 108 1274.0 1694.5
1356 112 1280.0 1103.0
1368 112 1267.0 1103.0
1380 112 1256.0 1103.0
1392 112 1245.0 1103.0
1404 112 1234.0 1103.0
1416 112 1223.0 1103.0
1428 112 1209.0 1098.5
1440 112 1196.0 1098.5
1452 112 1181.0 1098.5
1464 112 1167.0 1094.5
1476 112 1154.0 1094.5
1488 112 1139.0 1094.5
1500 112 1127.0 1094.5
1512 112 1106.5 1092.5
1524 112 1086.5 1092.5
1536 112 1068.5 1092.5
1548 112 1048.0 1092.5
1560 112 1033.5 1088.5
1572 112 1020.0 1088.5
1584 112 1007.5 1088.5
1440 106 803.5 1117.5
1452 106 816.0 1117.5
1464 106 828.0 1117.5
1476 106 840.0 1117.5
1488 106 852.0 1117.5
1500 106 864.5 1121.5
1512 106 881.0 1117.0
1524 106 897.0 1117.5
1536 106 915.5 1115.5
1548 106 919.0 1113.5
1560 106 915.5 1105.0
1572 106 926.0 1105.0
1584 106 956.0 1113.5
1596 106 973.0 1121.5
1608 106 985.0 1130.0
1620 106 995.5 1136.0
1632 106 1011.0 1130.0
1644 106 1025.5 1121.5
1656 106 1041.0 1117.5
1668 106 1050.0 1117.5
1476 118 786.5 996.0
1488 118 771.5 996.0
1500 118 756.5 996.0
1512 118 751.5 993.5
1524 118 747.0 995.5
1536 118 737.0 995.5
1548 118 724.0 995.5
1560 118 711.5 995.5
1572 118 699.5 995.5
1584 118 687.0 995.5
1596 118 672.5 989.5
1608 118 654.0 985.5
1620 118 640.5 981.5
1632 118 629.0 973.5
1644 118 617.0 968.5
1656 118 606.0 964.5
1668 118 594.0 960.5
1680 118 580.0 960.5
1692 118 566.0 964.5
1704 118 552.0 968.5
1548 47 475.0 1144.0
1560 47 487.5 1146.0
1572 47 505.0 1146.0
1584 47 521.0 1146.0
1596 47 532.0 1146.0
1608 47 543.0 1146.0
1620 47 552.0 1142.0
1632 47 563.0 1142.0
1644 47 572.0 1138.0
1656 47 584.0 1138.0
1668 47 600.0 1138.0
1680 47 617.0 1134.0
1692 47 622.0 1134.0
1704 47 626.0 1130.0
1716 47 633.0 1130.0
1728 47 644.0 1138.0
1740 47 657.0 1142.0
1752 47 668.0 1154.5
1764 47 679.0 1163.0
1776 47 690.0 1171.0
1596 109 1274.0 1678.5
1608 109 1276.0 1666.5
1620 109 1272.0 1653.5
1632 109 1270.5 1641.5
1644 109 1270.5 1628.5
1656 109 1270.5 1604.5
1668 109 1270.5 1579.5
1680 109 1270.5 1567.5
1692 109 1274.0 1567.5
1704 109 1276.0 1562.5
1716 109 1278.0 1562.5
1728 109 1276.0 1550.5
1740 109 1274.0 1538.5
1752 109 1270.5 1521.5
1764 109 1268.5 1513.5
1776 109 1268.5 1509.5
1788 109 1268.5 1501.5
1800 109 1268.5 1496.5
1812 109 1268.5 1492.5
1824 109 1268.5 1492.5
1596 113 994.0 1088.5
1608 113 981.0 1088.5
1620 113 967.0 1088.5
1632 113 954.5 1088.5
1644 113 942.0 1086.5
1656 113 928.0 1086.5
1668 113 915.0 1086.5
1680 113 902.0 1086.5
1692 113 889.0 1086.5
1704 113 875.5 1084.5
1716 113 862.5 1084.5
1728 113 849.0 1084.5
1740 113 836.5 1082.5
1752 113 822.5 1082.5
1764 113 809.5 1082.5
1776 113 796.5 1082.5
1788 113 783.5 1082.5
1800 113 769.5 1082.5
1812 113 757.0 1082.5
1824 113 743.5 1080.5
1680 107 1061.0 1121.5
1692 107 1074.5 1121.5
1704 107 1091.0 1117.5
1716 107 1107.5 1113.0
1728 107 1122.0 1109.0
1740 107 1135.0 1109.0
1752 107 1147.5 1107.0
1764 107 1160.5 1105.0
1776 107 1173.0 1105.0
1788 107 1184.0 1103.0
1800 107 1196.5 1103.0
1812 107 1209.5 1101.0
1824 107 1220.5 1099.0
1836 107 1231.5 1101.0
1848 107 1242.0 1101.0
1860 107 1253.0 1096.5
1872 107 1260.5 1084.5
1884 107 1269.5 1072.5
1896 107 1271.5 1072.5
1908 107 1271.5 1072.5
1716 119 537.5 973.5
1728 119 523.0 977.5
1740 119 508.5 977.5
1752 119 479.5 966.5
1764 119 448.5 950.5
1776 119 430.0 948.5
1788 119 415.5 948.5
1800 119 401.0 948.5
1812 119 388.0 948.5
1824 119 375.5 948.5
1836 119 359.0 952.5
1848 119 341.0 952.5
1860 119 324.5 952.5
1872 119 308.0 952.5
1884 119 297.0 952.5
1896 119 284.5 952.5
1908 119 275.5 952.5
1920 119 268.0 952.5
1932 119 262.0 952.5
1944 119 250.0 952.5
1788 48 700.5 1171.0
1800 48 711.0 1167.0
1812 48 722.0 1163.0
1824 48 735.0 1159.0
1836 48 748.0 1150.5
1848 48 761.0 1150.5
1860 48 773.0 1146.0
1872 48 782.5 1138.0
1884 48 795.0 1142.0
1896 48 810.0 1150.5
1908 48 821.0 1150.5
1920 48 832.0 1142.0
1932 48 841.0 1138.0
1944 48 850.0 1138.0
1956 48 859.0 1138.0
1968 48 868.0 1138.0
1980 48 879.0 1138.0
1992 48 890.0 1138.0
2004 48 897.0 1136.0
2016 48 905.0 1134.0
1836 110 1268.5 1492.5
1848 110 1268.5 1492.5
1860 110 1268.5 1492.5
1872 110 1268.5 1492.5
1884 110 1268.5 1492.5
1896 110 1268.5 1488.5
1908 110 1268.5 1488.5
1920 110 1268.5 1488.5
1932 110 1268.5 1488.5
1944 110 1268.5 1488.5
1956 110 1268.5 1488.5
1968 110 1268.5 1488.5
1980 110 1265.0 1480.5
1992 110 1259.5 1468.5
2004 110 1256.0 1459.5
2016 110 1256.0 1447.5
2028 110 1257.0 1437.5
2040 110 1257.0 1428.5
2052 110 1258.0 1416.5
2064 110 1258.0 1408.5
1836 114 730.5 1080.5
1848 114 717.0 1080.5
1860 114 704.0 1078.5
1872 114 689.5 1078.5
1884 114 677.0 1078.5
1896 114 663.0 1078.5
1908 114 650.5 1078.5
1920 114 637.0 1076.5
1932 114 624.0 1076.5
1944 114 610.0 1076.5
1956 114 598.0 1076.5
1968 114 584.0 1076.5
1980 114 571.0 1076.5
1992 114 557.5 1076.5
2004 114 545.0 1076.5
2016 114 530.0 1076.5
2028 114 516.5 1076.5
2040 114 502.0 1078.5
2052 114 488.5 1078.5
2064 114 473.5 1080.5
1968 120 1074.5 975.5
1980 120 1062.0 975.5
1992 120 1049.5 975.5
2004 120 1035.5 966.5
2016 120 1021.5 966.5
2028 120 1006.5 966.5
2040 120 992.5 966.5
2052 120 978.5 968.5
2064 120 964.5 968.5
2076 120 950.0 968.5
2088 120 935.5 968.5
2100 120 921.0 971.0
2112 120 907.0 971.0
2124 120 893.0 971.0
2136 120 879.0 973.0
2148 120 863.5 973.0
2160 120 850.0 973.0
2172 120 835.0 973.0
2184 120 821.5 973.0
2196 120 809.0 973.0
2028 49 914.5 1132.0
2040 49 923.0 1132.0
2052 49 931.0 1130.0
2064 49 939.0 1128.0
2076 49 948.0 1125.5
2088 49 956.5 1123.5
2100 49 965.5 1121.5
2112 49 973.0 1119.5
2124 49 982.0 1119.5
2136 49 990.0 1117.5
2148 49 999.0 1115.5
2160 49 1007.5 1113.5
2172 49 1015.5 1111.5
2184 49 1018.5 1109.0
2196 49 1009.5 1105.0
2208 49 1000.0 1101.0
2220 49 992.5 1097.0
2232 49 983.5 1088.5
2244 49 974.5 1084.5
2256 49 967.5 1080.5
2076 111 1258.0 1398.0
2088 111 1258.5 1385.5
2100 111 1258.5 1377.5
2112 111 1259.5 1367.0
2124 111 1259.5 1356.5
2136 111 1260.5 1346.5
2148 111 1260.5 1336.0
2160 111 1261.5 1325.5
2172 111 1261.5 1315.5
2184 111 1263.5 1307.0
2196 111 1263.5 1303.0
2208 111 1263.5 1301.0
2220 111 1263.5 1299.0
2232 111 1263.5 1295.0
2244 111 1263.5 1290.5
2256 111 1263.5 1288.5
2268 111 1263.5 1284.5
2280 111 1263.5 1280.5
2292 111 1264.0 1276.0
2304 111 1264.0 1272.0
2076 115 459.5 1080.5
2088 115 445.5 1080.5
2100 115 431.5 1082.5
2112 115 417.5 1082.5
2124 115 402.5 1084.5
2136 115 388.5 1084.5
2148 115 374.5 1084.5
2160 115 360.0 1086.5
2172 115 346.5 1086.5
2184 115 332.0 1090.5
2196 115 321.0 1090.5
2208 115 308.0 1090.5
2220 115 295.5 1090.5
2232 115 284.5 1090.5
2244 115 271.5 1090.5
2256 115 259.0 1090.5
2268 115 248.0 1090.5
2280 115 235.5 1090.5
2292 115 224.5 1090.5
2304 115 211.5 1090.5
2208 121 796.0 973.0
2220 121 783.5 971.0
2232 121 770.5 969.0
2244 121 757.0 969.0
2256 121 744.0 967.0
2268 121 731.5 964.5
2280 121 719.0 964.5
2292 121 706.0 962.5
2304 121 693.0 962.5
2316 121 680.5 960.5
2328 121 667.0 958.5
2340 121 653.0 958.5
2352 121 640.5 954.5
2364 121 627.5 954.5
2376 121 615.0 954.5
2388 121 600.5 950.5
2400 121 587.5 950.5
2412 121 575.0 950.5
2424 121 560.5 946.5
2436 121 547.5 946.5
2268 50 958.5 1076.0
2280 50 949.0 1072.0
2292 50 940.0 1064.0
2304 50 932.5 1059.5
2316 50 923.5 1055.5
2328 50 914.5 1051.5
2340 50 905.5 1047.5
2352 50 896.5 1039.0
2364 50 883.5 1039.0
2376 50 870.5 1035.0
2388 50 858.0 1031.0
2400 50 845.5 1031.0
2412 50 832.5 1026.5
2424 50 819.5 1022.5
2436 50 807.0 1022.5
2448 50 794.5 1018.5
2460 50 783.5 1018.5
2472 50 772.5 1014.5
2484 50 763.5 1010.0
2496 50 752.5 1006.0
2376 128 144.0 389.5
2388 128 139.0 389.5
2400 128 133.0 389.5
2412 128 129.0 389.5
2424 128 123.5 391.5
2436 128 123.5 400.0
2448 128 121.5 412.0
2460 128 121.5 420.0
2472 128 121.5 428.5
2484 128 119.5 437.0
2496 128 119.5 449.0
2508 128 119.5 459.5
2520 128 120.5 472.0
2532 128 122.5 482.0
2544 128 123.5 495.0
2556 128 125.5 507.0
2568 128 126.5 517.0
2580 128 127.5 530.0
2592 128 127.5 540.0
2604 128 129.5 552.0
2448 122 535.0 946.5
2460 122 522.0 946.5
2472 122 509.5 946.5
2484 122 496.5 946.5
2496 122 484.0 946.5
2508 122 472.0 946.5
2520 122 461.0 948.5
2532 122 451.0 950.5
2544 122 440.0 952.5
2556 122 429.5 954.5
2568 122 418.5 954.5
2580 122 406.5 957.0
2592 122 391.5 957.0
2604 122 379.5 961.0
2616 122 366.5 961.0
2628 122 353.5 961.0
2640 122 340.5 961.0
2652 122 326.5 961.0
2664 122 313.5 961.0
2676 122 300.5 961.0
2448 124 20.5 1600.0
2460 124 25.5 1604.0
2472 124 35.5 1614.5
2484 124 45.0 1625.0
2496 124 54.5 1635.0
2508 124 63.5 1643.5
2520 124 73.5 1649.5
2532 124 82.5 1656.0
2544 124 92.5 1664.0
2556 124 102.5 1672.0
2568 124 111.5 1678.5
2580 124 121.5 1686.5
2592 124 131.0 1695.0
2604 124 140.0 1703.0
2616 124 149.0 1715.5
2628 124 158.0 1724.0
2640 124 167.0 1736.0
2652 124 174.0 1744.5
2664 124 183.0 1757.0
2676 124 192.5 1765.0
2448 126 39.5 1569.0
2460 126 44.0 1573.5
2472 126 51.5 1581.5
2484 126 58.5 1587.5
2496 126 66.0 1596.0
2508 126 75.0 1606.0
2520 126 85.0 1618.5
2532 126 95.5 1629.0
2544 126 105.5 1639.0
2556 126 114.5 1652.0
2568 126 124.5 1662.0
2580 126 134.0 1674.0
2592 126 143.5 1685.0
2604 126 152.5 1693.0
2616 126 161.5 1705.0
2628 126 170.5 1713.5
2640 126 180.0 1726.0
2652 126 189.0 1734.0
2664 126 198.0 1746.5
2676 126 207.0 1755.0
2460 130 55.0 744.5
2472 130 62.5 731.5
2484 130 69.5 719.5
2496 130 77.0 707.0
2508 130 80.5 692.5
2520 130 82.5 680.5
2532 130 83.5 665.5
2544 130 86.0 653.5
2556 130 87.0 639.0
2568 130 89.5 628.5
2580 130 90.5 614.0
2592 130 92.0 602.0
2604 130 94.0 589.5
2616 130 96.0 575.0
2628 130 97.0 562.5
2640 130 99.5 550.0
2652 130 100.5 538.0
2664 130 102.5 523.0
2676 130 104.5 511.0
2688 130 106.0 499.0
2508 51 744.5 1004.0
2520 51 737.0 1002.0
2532 51 729.0 1004.0
2544 51 720.5 1002.0
2556 51 713.0 1002.0
2568 51 705.0 1002.0
2580 51 696.0 1004.0
2592 51 685.0 1004.0
2604 51 674.0 1004.0
2616 51 663.0 1004.0
2628 51 652.0 1004.0
2640 51 641.0 1000.0
2652 51 630.5 1000.0
2664 51 619.5 1000.0
2676 51 608.5 1000.0
2688 51 598.0 996.0
2700 51 590.0 996.0
2712 51 579.5 996.0
2724 51 568.5 996.0
2736 51 557.5 996.0
2580 54 1294.5 1154.5
2592 54 1281.5 1146.5
2604 54 1272.0 1142.0
2616 54 1261.5 1138.0
2628 54 1252.0 1134.0
2640 54 1241.5 1130.0
2652 54 1230.5 1125.5
2664 54 1221.0 1121.5
2676 54 1210.5 1117.5
2688 54 1201.0 1113.5
2700 54 1190.5 1113.5
2712 54 1179.5 1105.0
2724 54 1169.5 1099.0
2736 54 1159.5 1092.5
2748 54 1148.5 1084.5
2760 54 1138.5 1078.0
2772 54 1127.5 1072.0
2784 54 1116.5 1066.0
2796 54 1106.5 1059.5
2808 54 1096.5 1053.5
2616 129 130.5 565.0
2628 129 130.5 575.0
2640 129 127.0 587.5
2652 129 125.5 595.5
2664 129 123.5 608.0
2676 129 119.5 620.5
2688 129 117.5 628.5
2700 129 116.0 641.0
2712 129 112.5 653.5
2724 129 110.5 661.5
2736 129 106.5 674.0
2748 129 101.5 682.0
2760 129 96.0 690.5
2772 129 88.5 699.0
2784 129 83.5 711.0
2796 129 77.5 719.5
2808 129 72.5 727.5
2820 129 66.5 740.0
2832 129 57.5 740.0
2844 129 48.5 740.0
2688 123 288.5 965.0
2700 123 275.5 969.0
2712 123 260.5 973.0
2724 123 248.0 973.0
2736 123 235.5 973.0
2748 123 220.5 969.0
2760 123 208.0 969.0
2772 123 195.5 965.0
2784 123 180.5 965.0
2796 123 168.0 961.0
2808 123 155.5 961.0
2820 123 142.5 961.0
2832 123 124.5 957.0
2844 123 106.0 957.0
2856 123 89.5 957.0
2868 123 75.0 957.0
2880 123 63.5 961.0
2892 123 50.5 965.0
2904 123 37.5 965.0
2916 123 26.0 969.0
2688 125 202.0 1777.5
2700 125 211.0 1785.5
2712 125 218.0 1798.0
2724 125 227.0 1806.5
2736 125 238.0 1818.5
2748 125 247.0 1827.0
2760 125 256.0 1839.5
2772 125 265.0 1847.5
2784 125 274.5 1856.0
2796 125 283.5 1868.0
2808 125 292.5 1878.5
2820 125 301.5 1891.0
2832 125 309.5 1901.0
2844 125 319.0 1911.5
2856 125 328.0 1922.0
2868 125 337.5 1930.0
2880 125 346.5 1938.0
2892 125 354.5 1944.5
2904 125 361.5 1950.5
2916 125 367.5 1956.5
2688 127 216.0 1767.0
2700 127 223.5 1775.0
2712 127 232.5 1788.0
2724 127 243.5 1796.0
2736 127 252.5 1804.0
2748 127 261.5 1817.0
2760 127 271.0 1825.0
2772 127 281.5 1833.0
2784 127 291.0 1841.0
2796 127 298.0 1854.0
2808 127 305.5 1866.0
2820 127 312.5 1878.5
2832 127 320.0 1887.0
2844 127 327.5 1899.0
2856 127 334.5 1907.0
2868 127 345.5 1907.0
2880 127 356.5 1911.5
2892 127 365.5 1916.0
2904 127 376.5 1930.0
2916 127 385.5 1944.5
2700 131 107.5 486.0
2712 131 107.5 470.0
2724 131 109.5 457.0
2736 131 111.5 445.0
2748 131 113.5 433.0
2760 131 115.0 420.0
2772 131 113.5 412.0
2784 131 111.5 404.0
2796 131 111.5 391.0
2808 131 111.5 375.0
2820 131 113.5 358.0
2832 131 113.5 342.0
2844 131 115.0 330.0
2856 131 117.0 313.0
2868 131 117.0 297.0
2880 131 118.5 280.0
2892 131 118.5 268.0
2904 131 120.5 251.0
2916 131 120.5 235.0
2928 131 122.5 218.0
2748 52 547.0 996.0
2760 52 536.0 996.0
2772 52 523.0 996.0
2784 52 512.0 996.0
2796 52 501.0 996.0
2808 52 490.0 996.0
2820 52 479.0 996.0
2832 52 468.0 996.0
2844 52 457.5 996.0
2856 52 446.5 996.0
2868 52 435.5 1000.0
2880 52 425.0 1000.0
2892 52 415.5 1000.0
2904 52 405.0 1000.0
2916 52 394.0 1000.0
2928 52 384.5 1000.0
2940 52 374.0 1000.0
2952 52 363.0 996.0
2964 52 350.0 996.0
2976 52 339.0 996.0
2820 55 1085.5 1045.0
2832 55 1075.5 1041.0
2844 55 1064.5 1033.0
2856 55 1053.5 1033.0
2868 55 1042.5 1029.0
2880 55 1032.0 1024.5
2892 55 1021.0 1020.5
2904 55 1010.0 1020.5
2916 55 997.5 1016.5
2928 55 986.5 1012.0
2940 55 975.5 1008.0
2952 55 964.5 1008.0
2964 55 953.5 1004.0
2976 55 942.5 1000.0
2988 55 931.5 991.5
3000 55 920.5 987.5
3012 55 908.0 983.5
3024 55 897.5 983.5
3036 55 886.5 983.5
3048 55 875.5 983.5
2988 53 326.0 996.0
3000 53 315.5 996.0
3012 53 304.5 994.0
3024 53 293.5 994.0
3036 53 283.5 994.0
3048 53 272.5 994.0
3060 53 262.5 994.0
3072 53 252.5 994.0
3084 53 242.5 994.0
3096 53 231.5 994.0
3108 53 221.5 994.0
3120 53 210.5 994.0
3132 53 201.5 994.0
3144 53 190.5 994.0
3156 53 180.5 994.0
3168 53 169.5 994.0
3180 53 158.5 996.0
3192 53 149.5 996.0
3204 53 138.5 996.0
3216 53 128.5 996.0
3060 56 864.5 983.5
3072 56 853.5 983.5
3084 56 842.5 983.5
3096 56 831.5 981.0
3108 56 820.5 981.0
3120 56 809.5 981.0
3132 56 798.5 981.0
3144 56 788.0 981.0
3156 56 777.0 981.0
3168 56 766.0 981.0
3180 56 755.5 979.0
3192 56 744.5 979.0
3204 56 733.5 979.0
3216 56 722.5 979.0
3228 56 711.5 979.0
3240 56 700.5 979.0
3252 56 689.5 979.0
3264 56 678.5 979.0
3276 56 667.5 977.0
3288 56 656.5 977.0
3084 0 1294.0 1890.5
3096 0 1294.0 1849.5
3108 0 1294.0 1804.5
3120 0 1294.0 1763.0
3132 0 1294.0 1721.5
3144 0 1294.0 1680.5
3156 0 1294.0 1639.5
3168 0 1294.0 1593.5
3180 0 1294.0 1552.5
3192 0 1294.0 1511.5
3204 0 1294.0 1470.5
3216 0 1294.0 1428.5
3228 0 1294.0 1383.5
3240 0 1294.0 1342.5
3252 0 1294.0 1301.0
3264 0 1294.0 1259.5
3276 0 1294.0 1214.5
3288 0 1277.5 1181.5
3300 0 1243.0 1156.5
3312 0 1219.5 1144.5
3300 57 646.0 977.0
3312 57 635.0 977.0
3324 57 624.0 977.0
3336 57 613.5 977.0
3348 57 602.5 977.0
3360 57 590.5 975.0
3372 57 579.5 975.0
3384 57 568.5 975.0
3396 57 557.5 975.0
3408 57 546.5 975.0
3420 57 535.5 975.0
3432 57 524.5 975.0
3444 57 513.5 973.0
3456 57 502.5 973.0
3468 57 492.5 973.0
3480 57 481.5 973.0
3492 57 470.5 973.0
3504 57 459.5 973.0
3516 57 448.5 973.0
3528 57 437.5 973.0
3372 12 1276.0 1025.0
3384 12 1267.0 1025.0
3396 12 1258.0 1025.0
3408 12 1247.0 1025.0
3420 12 1238.0 1025.0
3432 12 1229.0 1025.0
3444 12 1218.0 1029.0
3456 12 1209.0 1029.0
3468 12 1199.0 1029.0
3480 12 1188.5 1029.0
3492 12 1179.0 1029.0
3504 12 1169.5 1031.0
3516 12 1158.5 1031.0
3528 12 1147.5 1031.0
3540 12 1136.5 1033.0
3552 12 1126.0 1033.0
3564 12 1115.5 1033.0
3576 12 1105.0 1035.0
3588 12 1094.0 1035.0
3600 12 1083.0 1035.0
3396 7 1266.0 997.5
3408 7 1253.0 993.5
3420 7 1242.5 993.5
3432 7 1231.5 989.5
3444 7 1220.5 989.5
3456 7 1207.5 985.5
3468 7 1196.5 985.5
3480 7 1185.5 981.5
3492 7 1175.0 981.5
3504 7 1164.0 981.5
3516 7 1153.0 983.5
3528 7 1142.0 985.5
3540 7 1131.0 987.5
3552 7 1121.5 989.5
3564 7 1110.5 994.0
3576 7 1099.5 996.0
3588 7 1088.5 996.0
3600 7 1078.5 998.0
3612 7 1067.5 1000.0
3624 7 1056.5 1002.0
3612 13 1072.0 1035.0
3624 13 1061.0 1035.0
3636 13 1050.5 1035.0
3648 13 1039.5 1037.0
3660 13 1028.5 1037.0
3672 13 1018.5 1037.0
3684 13 1007.5 1039.0
3696 13 996.5 1039.0
3708 13 985.5 1039.0
3720 13 975.5 1041.5
3732 13 964.5 1041.5
3744 13 953.5 1041.5
3756 13 942.5 1041.5
3768 13 931.5 1041.5
3780 13 920.5 1041.5
3792 13 909.5 1041.5
3804 13 900.5 1041.5
3816 13 889.5 1041.5
3828 13 880.0 1041.5
3840 13 869.5 1041.5
3636 8 1045.5 1006.0
3648 8 1035.5 1008.0
3660 8 1024.5 1010.0
3672 8 1013.5 1012.5
3684 8 1002.5 1014.5
3696 8 993.5 1014.5
3708 8 982.5 1014.5
3720 8 971.5 1014.5
3732 8 962.5 1014.5
3744 8 951.5 1014.5
3756 8 940.5 1014.5
3768 8 931.5 1014.5
3780 8 920.5 1014.5
3792 8 910.0 1014.5
3804 8 900.5 1012.5
3816 8 890.0 1012.5
3828 8 880.5 1012.5
3840 8 869.5 1012.5
3852 8 859.0 1012.5
3864 8 849.5 1012.5
3852 14 860.0 1039.0
3864 14 849.0 1039.0
3876 14 839.5 1037.0
3888 14 829.0 1035.0
3900 14 819.5 1035.0
3912 14 809.0 1035.0
3924 14 798.0 1033.0
3936 14 788.5 1030.5
3948 14 778.0 1030.5
3960 14 768.0 1030.5
3972 14 758.0 1028.5
3984 14 748.0 1028.5
3996 14 737.0 1028.5
4008 14 722.5 1028.5
4020 14 705.0 1031.0
4032 14 688.5 1033.0
4044 14 671.5 1035.0
4056 14 657.5 1035.0
4068 14 650.5 1035.0
4080 14 641.5 1031.0
3876 9 839.0 1012.5
3888 9 828.0 1012.5
3900 9 818.5 1010.0
3912 9 808.0 1010.0
3924 9 797.0 1010.0
3936 9 788.0 1010.0
3948 9 777.0 1010.0
3960 9 766.0 1010.0
3972 9 757.0 1010.0
3984 9 746.0 1010.0
3996 9 735.5 1010.0
4008 9 724.0 1004.0
4020 9 712.0 1000.0
4032 9 699.5 996.0
4044 9 687.5 992.0
4056 9 675.0 985.0
4068 9 663.5 983.0
4080 9 653.5 983.0
4092 9 642.5 983.0
4104 9 631.5 983.0
3924 17 30.5 1088.5
3936 17 43.0 1088.5
3948 17 54.0 1088.5
3960 17 67.0 1088.5
3972 17 78.0 1088.5
3984 17 90.5 1088.5
3996 17 101.5 1088.5
4008 17 110.5 1086.5
4020 17 120.0 1080.5
4032 17 127.0 1076.0
4044 17 135.0 1070.0
4056 17 145.5 1070.0
4068 17 159.5 1074.0
4080 17 172.5 1074.0
4092 17 185.5 1078.0
4104 17 199.5 1082.0
4116 17 212.5 1082.0
4128 17 232.5 1086.5
4140 17 256.5 1091.0
4152 17 278.5 1091.0
3924 22 29.5 1115.5
3936 22 40.5 1117.5
3948 22 51.5 1119.5
3960 22 61.5 1125.5
3972 22 72.5 1128.0
3984 22 83.0 1132.0
3996 22 95.0 1132.0
4008 22 107.0 1132.0
4020 22 117.0 1132.0
4032 22 126.0 1132.0
4044 22 136.0 1132.0
4056 22 146.0 1132.0
4068 22 156.5 1132.0
4080 22 166.5 1132.0
4092 22 175.0 1132.0
4104 22 185.0 1134.0
4116 22 196.0 1134.0
4128 22 207.0 1134.0
4140 22 218.0 1134.0
4152 22 227.0 1134.0
4092 15 634.0 1031.0
4104 15 623.0 1031.0
4116 15 610.5 1031.0
4128 15 597.5 1031.0
4140 15 585.0 1035.0
4152 15 570.5 1031.0
4164 15 555.5 1031.0
4176 15 541.5 1031.0
4188 15 530.5 1027.0
4200 15 521.0 1022.5
4212 15 515.5 1022.5
4224 15 510.5 1022.5
4236 15 494.0 1022.5
4248 15 475.5 1022.5
4260 15 472.0 1022.5
4272 15 450.0 1018.5
4284 15 446.5 1018.5
4296 15 441.0 1022.5
4308 15 432.0 1022.5
4320 15 419.5 1022.5
4116 10 620.5 983.0
4128 10 607.5 983.0
4140 10 595.0 983.0
4152 10 580.5 983.0
4164 10 567.5 979.0
4176 10 558.5 979.0
4188 10 549.5 975.0
4200 10 540.5 975.0
4212 10 525.5 975.0
4224 10 514.5 975.0
4236 10 503.5 979.0
4248 10 493.0 975.0
4260 10 482.0 971.0
4272 10 474.5 971.0
4284 10 467.5 971.0
4296 10 460.5 971.0
4308 10 452.5 975.0
4320 10 445.5 975.0
4332 10 438.5 975.0
4344 10 431.0 975.0
4164 18 296.5 1091.0
4176 18 304.5 1091.0
4188 18 313.5 1091.0
4200 18 323.0 1091.0
4212 18 331.0 1088.5
4224 18 340.0 1088.5
4236 18 349.0 1086.5
4248 18 358.0 1086.5
4260 18 366.5 1084.5
4272 18 375.5 1084.5
4284 18 384.5 1084.5
4296 18 393.0 1084.5
4308 18 403.5 1084.5
4320 18 418.5 1084.5
4332 18 431.0 1088.5
4344 18 445.5 1088.5
4356 18 458.5 1088.5
4368 18 469.5 1088.5
4380 18 480.0 1088.5
4392 18 491.0 1088.5
4164 23 238.0 1134.0
4176 23 249.0 1130.0
4188 23 262.0 1130.0
4200 23 276.0 1130.0
4212 23 287.0 1130.0
4224 23 298.0 1130.0
4236 23 309.0 1130.0
4248 23 322.0 1134.0
4260 23 333.0 1134.0
4272 23 344.0 1130.0
4284 23 354.5 1130.0
4296 23 367.0 1130.0
4308 23 378.0 1130.0
4320 23 382.0 1130.0
4332 23 382.0 1130.0
4344 23 382.0 1130.0
4356 23 382.0 1130.0
4368 23 404.0 1134.0
4380 23 436.5 1138.0
4392 23 467.5 1146.0
4332 16 406.5 1022.5
4344 16 395.5 1022.5
4356 16 386.5 1022.5
4368 16 377.5 1022.5
4380 16 368.5 1027.0
4392 16 359.0 1022.5
4404 16 350.0 1022.5
4416 16 341.0 1022.5
4428 16 328.0 1022.5
4440 16 313.5 1027.0
4452 16 301.0 1031.0
4464 16 301.0 1031.0
4476 16 301.0 1031.0
4488 16 301.0 1031.0
4500 16 270.0 1022.5
4512 16 258.0 1018.5
4524 16 246.5 1018.5
4536 16 235.5 1018.5
4548 16 224.5 1016.0
4560 16 213.5 1014.0
4356 11 420.5 975.0
4368 11 409.5 975.0
4380 11 396.5 975.0
4392 11 385.5 971.0
4404 11 372.5 971.0
4416 11 361.5 971.0
4428 11 351.0 971.0
4440 11 340.0 971.0
4452 11 329.0 971.0
4464 11 318.5 975.0
4476 11 307.5 975.0
4488 11 296.5 975.0
4500 11 280.0 975.0
4512 11 269.0 973.0
4524 11 259.0 973.0
4536 11 249.0 973.0
4548 11 238.0 973.0
4560 11 228.0 973.0
4572 11 218.0 973.0
4584 11 208.0 973.0
4404 19 502.0 1088.5
4416 19 513.0 1088.5
4428 19 525.5 1088.5
4440 19 538.5 1088.5
4452 19 551.0 1093.0
4464 19 564.0 1093.0
4476 19 576.5 1097.0
4488 19 589.5 1097.0
4500 19 602.0 1101.0
4512 19 613.0 1097.0
4524 19 625.0 1097.0
4536 19 636.0 1097.0
4548 19 647.5 1097.0
4560 19 659.5 1097.0
4572 19 671.5 1097.0
4584 19 682.5 1097.0
4596 19 694.5 1097.0
4608 19 706.0 1097.0
4620 19 717.5 1097.0
4632 19 728.5 1097.0
4404 24 478.5 1146.0
4416 24 491.0 1146.0
4428 24 502.0 1146.0
4440 24 515.0 1146.0
4452 24 526.0 1146.0
4464 24 538.5 1146.0
4476 24 553.0 1146.0
4488 24 567.5 1146.0
4500 24 582.0 1146.0
4512 24 593.0 1144.0
4524 24 605.0 1144.0
4536 24 617.0 1144.0
4548 24 628.5 1144.0
4560 24 641.5 1144.0
4572 24 652.0 1144.0
4584 24 665.0 1144.0
4596 24 676.0 1144.0
4608 24 688.5 1144.0
4620 24 700.5 1144.0
4632 24 712.5 1144.0
4644 20 740.5 1097.0
4656 20 752.5 1097.0
4668 20 764.5 1097.0
4680 20 775.5 1097.0
4692 20 787.0 1097.0
4704 20 798.5 1097.0
4716 20 810.5 1097.0
4728 20 822.5 1097.0
4740 20 833.5 1097.0
4752 20 846.0 1097.0
4764 20 857.0 1097.0
4776 20 869.0 1097.0
4788 20 880.0 1097.0
4800 20 893.0 1097.0
4812 20 903.5 1097.0
4824 20 915.0 1097.0
4836 20 926.0 1097.0
4848 20 938.0 1097.0
4860 20 950.0 1097.0
4872 20 962.0 1097.0
4644 25 724.5 1144.0
4656 25 736.0 1144.0
4668 25 748.0 1144.0
4680 25 760.5 1144.0
4692 25 771.5 1144.0
4704 25 784.5 1144.0
4716 25 795.5 1144.0
4728 25 808.0 1144.0
4740 25 819.5 1144.0
4752 25 831.5 1142.0
4764 25 843.5 1142.0
4776 25 855.5 1142.0
4788 25 867.5 1142.0
4800 25 879.5 1142.0
4812 25 890.5 1142.0
4824 25 902.5 1142.0
4836 25 914.5 1142.0
4848 25 926.5 1142.0
4860 25 939.5 1142.0
4872 25 949.5 1142.0
4884 21 973.0 1097.0
4896 21 984.5 1097.0
4908 21 996.0 1097.0
4920 21 1008.0 1097.0
4932 21 1020.0 1097.0
4944 21 1031.0 1097.0
4956 21 1044.0 1097.0
4968 21 1054.5 1097.0
4980 21 1066.5 1097.0
4992 21 1077.5 1097.0
5004 21 1089.5 1097.0
5016 21 1100.0 1099.0
5028 21 1111.0 1101.0
5040 21 1123.0 1103.0
5052 21 1134.0 1107.0
5064 21 1145.0 1111.0
5076 21 1157.0 1113.5
5088 21 1168.0 1113.5
5100 21 1180.0 1113.5
5112 21 1193.0 1113.5
4884 26 962.5 1142.0
4896 26 973.5 1142.0
4908 26 986.5 1142.0
4920 26 998.5 1142.0
4932 26 1010.5 1142.0
4944 26 1021.5 1142.0
4956 26 1033.5 1142.0
4968 26 1045.5 1142.0
4980 26 1058.5 1142.0
4992 26 1069.5 1142.0
5004 26 1082.0 1140.0
5016 26 1094.5 1138.0
5028 26 1108.5 1136.0
5040 26 1120.0 1134.0
5052 26 1133.0 1134.0
5064 26 1142.0 1134.0
5076 26 1151.0 1134.0
5088 26 1162.0 1134.0
5100 26 1175.0 1134.0
5112 26 1187.5 1134.0
5064 34 31.5 748.0
5076 34 40.5 744.0
5088 34 49.5 740.0
5100 34 57.0 736.0
5112 34 66.0 732.0
5124 34 73.0 727.5
5136 34 80.5 719.5
5148 34 86.0 711.0
5160 34 93.5 703.0
5172 34 98.5 690.5
5184 34 102.5 682.0
5196 34 102.5 678.0
5208 34 102.5 670.0
5220 34 104.0 661.5
5232 34 104.0 653.5
5244 34 106.0 645.0
5256 34 106.0 633.0
5268 34 108.0 620.5
5280 34 109.5 604.0
5292 34 111.5 591.5
5196 27 20.5 1115.5
5208 27 35.0 1115.5
5220 27 48.0 1115.5
5232 27 62.0 1115.5
5244 27 77.0 1115.5
5256 27 90.0 1115.5
5268 27 104.0 1115.5
5280 27 119.0 1119.5
5292 27 137.0 1119.5
5304 27 153.0 1119.5
5316 27 170.0 1119.5
5328 27 188.0 1119.5
5340 27 204.0 1119.5
5352 27 221.0 1119.5
5364 27 237.0 1119.5
5376 27 252.0 1123.5
5388 27 268.0 1123.5
5400 27 283.0 1128.0
5412 27 299.0 1128.0
5424 27 315.0 1132.0
5304 35 113.5 579.0
5316 35 115.0 567.0
5328 35 115.0 554.5
5340 35 115.0 546.0
5352 35 117.0 534.0
5364 35 117.0 521.5
5376 35 117.0 513.0
5388 35 117.0 501.0
5400 35 115.0 492.5
5412 35 113.5 480.0
5424 35 111.5 468.0
5436 35 109.5 459.5
5448 35 109.5 447.0
5460 35 109.5 435.0
5472 35 109.5 422.5
5484 35 109.5 410.0
5496 35 109.5 393.5
5508 35 109.5 385.0
5520 35 110.5 377.0
5532 35 111.5 373.0
5436 28 330.0 1132.0
5448 28 346.0 1132.0
5460 28 363.0 1132.0
5472 28 377.0 1132.0
5484 28 394.0 1132.0
5496 28 410.0 1132.0
5508 28 424.0 1128.0
5520 28 438.5 1125.5
5532 28 452.5 1121.5
5544 28 467.5 1119.5
5556 28 482.0 1117.5
5568 28 497.0 1113.5
5580 28 510.0 1111.5
5592 28 524.5 1107.5
5604 28 539.5 1105.5
5616 28 554.0 1100.5
5628 28 568.5 1098.5
5640 28 584.0 1098.5
5652 28 597.0 1098.5
5664 28 611.0 1098.5
5544 36 112.5 367.0
5556 36 113.5 360.5
5568 36 115.0 354.0
5580 36 116.0 350.0
5592 36 118.0 342.0
5604 36 118.0 325.5
5616 36 118.0 309.0
5628 36 118.0 292.5
5640 36 116.0 280.0
5652 36 116.0 263.5
5664 36 116.0 247.0
5676 36 116.0 235.0
5688 36 116.0 226.5
5700 36 116.0 214.0
5712 36 116.0 202.0
5724 36 116.0 193.5
5736 36 116.0 181.0
5748 36 116.0 169.0
5760 36 116.0 156.0
5772 36 116.0 144.0
5676 29 626.0 1098.5
5688 29 640.0 1103.0
5700 29 655.0 1103.0
5712 29 670.0 1103.0
5724 29 684.0 1107.5
5736 29 699.0 1107.5
5748 29 713.0 1107.5
5760 29 730.0 1111.5
5772 29 744.0 1111.5
5784 29 761.0 1115.5
5796 29 777.0 1115.5
5808 29 792.0 1117.5
5820 29 808.0 1119.5
5832 29 824.0 1121.5
5844 29 839.0 1121.5
5856 29 855.0 1125.5
5868 29 870.0 1125.5
5880 29 886.0 1129.5
5892 29 901.0 1129.5
5904 29 917.0 1134.0
5916 30 934.0 1134.0
5928 30 948.0 1134.0
5940 30 964.5 1134.0
5952 30 979.0 1134.0
5964 30 994.0 1134.0
5976 30 1010.0 1129.5
5988 30 1025.0 1129.5
6000 30 1041.0 1129.5
6012 30 1057.5 1129.5
6024 30 1073.5 1129.5
6036 30 1090.5 1129.5
6048 30 1107.5 1129.5
6060 30 1124.0 1129.5
6072 30 1140.0 1129.5
6084 30 1158.5 1129.5
6096 30 1174.5 1129.5
6108 30 1191.0 1129.5
6120 30 1209.0 1129.5
6132 30 1225.0 1129.5
6144 30 1241.5 1129.5
6276 31 1294.5 1845.5
6288 31 1294.5 1837.0
6300 31 1294.5 1825.0
6312 31 1294.5 1812.5
6324 31 1294.5 1804.0
6336 31 1294.5 1792.0
6348 31 1294.5 1779.5
6360 31 1295.0 1771.0
6372 31 1295.0 1759.0
6384 31 1295.0 1746.5
6396 31 1295.0 1738.0
6408 31 1295.0 1726.0
6420 31 1295.0 1713.5
6432 31 1295.0 1705.0
6444 31 1295.0 1693.0
6456 31 1296.0 1680.5
6468 31 1296.0 1672.0
6480 31 1296.0 1660.0
6492 31 1296.0 1647.5
6504 31 1296.0 1639.0
6480 37 10.5 1536.0
6492 37 16.0 1540.0
6504 37 23.0 1544.5
6516 37 30.5 1555.0
6528 37 38.5 1563.0
6540 37 46.0 1571.0
6552 37 54.0 1579.5
6564 37 61.5 1590.0
6576 37 68.5 1598.0
6588 37 77.0 1606.0
6600 37 84.5 1614.5
6612 37 92.5 1625.0
6624 37 100.5 1631.0
6636 37 107.5 1639.0
6648 37 116.0 1647.5
6660 37 123.5 1658.0
6672 37 131.5 1666.0
6684 37 138.5 1674.0
6696 37 146.5 1678.5
6708 37 155.5 1687.0
6720 38 162.5 1691.0
6732 38 171.5 1695.0
6744 38 178.5 1699.0
6756 38 187.5 1707.0
6768 38 195.5 1711.5
6780 38 204.5 1715.5
6792 38 211.5 1724.0
6804 38 220.5 1736.0
6816 38 229.5 1748.5
6828 38 238.5 1757.0
6840 38 248.5 1769.0
6852 38 255.5 1781.5
6864 38 264.5 1794.0
6876 38 273.5 1806.0
6888 38 282.5 1814.5
6900 38 291.5 1827.0
6912 38 299.5 1839.0
6924 38 308.5 1847.5
6936 38 317.5 1856.0
6948 38 324.5 1860.0
7500 39 337.5 694.5
7512 39 337.5 694.5
7524 39 337.5 694.5
7536 39 337.5 694.5
7548 39 337.5 694.5
7560 39 337.5 694.5
7572 39 337.5 694.5
7584 39 337.5 694.5
7596 39 337.5 694.5
7608 39 337.5 694.5
7620 39 337.5 694.5
7632 39 337.5 694.5
7644 39 337.5 694.5
7656 39 337.5 694.5
7668 39 337.5 694.5
7680 39 337.5 694.5
7692 39 337.5 694.5
7704 39 337.5 694.5
7716 39 337.5 694.5
7728 39 337.5 694.5
7500 41 38.0 707.0
7512 41 38.0 707.0
7524 41 38.0 707.0
7536 41 38.0 707.0
7548 41 38.0 707.0
7560 41 38.0 707.0
7572 41 38.0 707.0
7584 41 38.0 707.0
7596 41 38.0 707.0
7608 41 38.0 707.0
7620 41 38.0 707.0
7632 41 38.0 707.0
7644 41 38.0 707.0
7656 41 38.0 707.0
7668 41 38.0 707.0
7680 41 38.0 707.0
7692 41 38.0 707.0
7704 41 38.0 707.0
7716 41 38.0 707.0
7728 41 38.0 707.0
7740 40 337.5 694.5
7752 40 337.5 694.5
7764 40 337.5 694.5
7776 40 337.5 694.5
7788 40 337.5 694.5
7800 40 337.5 694.5
7812 40 337.5 694.5
7824 40 337.5 694.5
7836 40 337.5 694.5
7848 40 337.5 694.5
7860 40 337.5 694.5
7872 40 337.5 694.5
7884 40 337.5 694.5
7896 40 337.5 694.5
7908 40 337.5 694.5
7920 40 337.5 694.5
7932 40 337.5 694.5
7944 40 337.5 694.5
7956 40 337.5 694.5
7968 40 337.5 694.5
7740 42 38.0 707.0
7752 42 38.0 707.0
7764 42 38.0 707.0
7776 42 38.0 707.0
7788 42 38.0 707.0
7800 42 38.0 707.0
7812 42 38.0 707.0
7824 42 38.0 707.0
7836 42 38.0 707.0
7848 42 38.0 707.0
7860 42 38.0 707.0
7872 42 38.0 707.0
7884 42 38.0 707.0
7896 42 38.0 707.0
7908 42 38.0 707.0
7920 42 38.0 707.0
7932 42 38.0 707.0
7944 42 38.0 707.0
7956 42 38.0 707.0
7968 42 38.0 707.0
7908 43 361.0 1932.0
7920 43 352.0 1921.5
7932 43 342.0 1911.5
7944 43 332.0 1903.5
7956 43 323.0 1893.0
7968 43 314.0 1884.5
7980 43 304.0 1872.5
7992 43 294.5 1864.0
8004 43 285.0 1855.5
8016 43 279.0 1847.5
8028 43 272.0 1841.5
8040 43 264.5 1831.0
8052 43 257.0 1823.0
8064 43 250.5 1814.5
8076 43 242.5 1808.5
8088 43 236.5 1800.0
8100 43 228.5 1792.0
8112 43 222.5 1786.0
8124 43 214.5 1775.0
8136 43 208.0 1767.0
8076 132 1297.0 1022.5
8088 132 1283.0 995.5
8100 132 1276.0 995.5
8112 132 1270.0 991.5
8124 132 1263.0 991.5
8136 132 1258.0 991.5
8148 132 1256.0 991.5
8160 132 1239.5 987.5
8172 132 1221.0 987.5
8184 132 1201.0 983.5
8196 132 1181.0 983.5
8208 132 1161.0 979.5
8220 132 1141.0 979.5
8232 132 1123.0 979.5
8244 132 1116.0 979.5
8256 132 1107.0 979.5
8268 132 1097.0 983.5
8280 132 1090.0 983.5
8292 132 1081.0 983.5
8304 132 1068.0 983.5
8148 44 199.0 1759.0
8160 44 190.0 1751.0
8172 44 180.5 1738.0
8184 44 171.5 1730.0
8196 44 162.5 1722.0
8208 44 153.5 1709.0
8220 44 144.0 1701.0
8232 44 135.0 1693.0
8244 44 126.0 1685.0
8256 44 115.0 1672.0
8268 44 106.0 1664.0
8280 44 97.0 1652.0
8292 44 88.0 1643.0
8304 44 80.5 1631.0
8316 44 71.5 1623.0
8328 44 62.5 1610.0
8340 44 53.0 1602.0
8352 44 44.0 1590.0
8364 44 35.0 1581.5
8376 44 28.0 1569.0
8316 133 1057.0 979.5
8328 133 1045.0 979.5
8340 133 1034.0 975.0
8352 133 1021.0 971.0
8364 133 1008.0 971.0
8376 133 995.5 971.0
8388 133 983.0 971.0
8400 133 972.0 971.0
8412 133 959.0 971.0
8424 133 946.0 971.0
8436 133 934.0 971.0
8448 133 921.0 971.0
8460 133 908.0 971.0
8472 133 895.0 971.0
8484 133 884.0 971.0
8496 133 872.0 971.0
8508 133 859.0 971.0
8520 133 847.0 971.0
8532 133 834.5 971.0
8544 133 822.5 971.0
8556 134 809.5 971.0
8568 134 798.0 971.0
8580 134 785.0 971.0
8592 134 773.0 971.0
8604 134 760.0 967.0
8616 134 749.0 967.0
8628 134 736.0 967.0
8640 134 723.0 967.0
8652 134 712.0 967.0
8664 134 699.5 967.0
8676 134 687.0 967.0
8688 134 676.0 967.0
8700 134 663.0 967.0
8712 134 650.5 967.0
8724 134 639.5 967.0
8736 134 627.0 967.0
8748 134 614.0 967.0
8760 134 603.0 967.0
8772 134 590.0 962.5
8784 134 579.5 962.5
8796 135 568.5 962.5
8808 135 557.5 962.5
8820 135 545.0 962.5
8832 135 534.0 962.5
8844 135 523.0 962.5
8856 135 512.0 962.5
8868 135 499.0 962.5
8880 135 488.5 962.5
8892 135 477.5 967.0
8904 135 466.5 967.0
8916 135 455.5 967.0
8928 135 445.0 971.0
8940 135 434.0 971.0
8952 135 421.0 971.0
8964 135 410.0 971.0
8976 135 397.0 967.0
8988 135 386.5 962.5
9000 135 375.5 962.5
9012 135 365.0 960.5
9024 135 353.5 963.0
9036 136 343.5 965.0
9048 136 332.5 967.0
9060 136 323.0 969.0
9072 136 310.0 965.0
9084 136 297.0 965.0
9096 136 284.5 965.0
9108 136 272.0 965.0
9120 136 261.0 965.0
9132 136 248.0 965.0
9144 136 235.0 965.0
9156 136 222.5 961.0
9168 136 212.0 961.0
9180 136 199.0 961.0
9192 136 186.0 961.0
9204 136 173.0 961.0
9216 136 161.0 961.0
9228 136 150.0 961.0
9240 136 137.0 961.0
9252 136 124.0 961.0
9264 136 113.0 961.0
9504 58 218.0 1767.5
9516 58 212.0 1758.5
9528 58 204.0 1750.5
9540 58 198.0 1742.5
9552 58 191.0 1738.5
9564 58 184.0 1730.0
9576 58 177.0 1721.5
9588 58 170.5 1713.5
9600 58 164.0 1705.5
9612 58 157.0 1697.0
9624 58 150.5 1692.5
9636 58 143.5 1684.5
9648 58 137.0 1676.5
9660 58 129.5 1668.5
9672 58 123.5 1659.5
9684 58 116.0 1651.5
9696 58 109.5 1647.5
9708 58 102.5 1639.5
9720 58 96.0 1631.0
9732 58 88.5 1622.5
9660 90 1270.0 1084.5
9672 90 1258.0 1084.5
9684 90 1247.0 1084.5
9696 90 1234.0 1084.5
9708 90 1221.0 1084.5
9720 90 1210.0 1080.0
9732 90 1198.0 1080.0
9744 90 1185.0 1080.0
9756 90 1174.0 1080.0
9768 90 1161.0 1080.0
9780 90 1148.0 1076.0
9792 90 1137.5 1076.0
9804 90 1125.0 1076.0
9816 90 1112.0 1076.0
9828 90 1101.0 1076.0
9840 90 1088.0 1072.0
9852 90 1077.0 1072.0
9864 90 1065.0 1072.0
9876 90 1052.0 1072.0
9888 90 1041.0 1068.0
9900 91 1028.0 1068.0
9912 91 1015.5 1068.0
9924 91 1005.0 1068.0
9936 91 992.0 1068.0
9948 91 979.0 1064.0
9960 91 968.0 1064.0
9972 91 955.0 1064.0
9984 91 943.0 1064.0
9996 91 932.0 1064.0
10008 91 919.0 1060.0
10020 91 906.0 1060.0
10032 91 894.0 1060.0
10044 91 882.0 1060.0
10056 91 869.0 1060.0
10068 91 856.0 1060.0
10080 91 843.5 1060.0
10092 91 831.0 1060.0
10104 91 819.0 1060.0
10116 91 806.0 1060.0
10128 91 794.0 1060.0
9984 68 1291.0 1162.5
9996 68 1281.0 1187.5
10008 68 1280.5 1226.5
10020 68 1280.5 1266.0
10032 68 1280.5 1305.0
10044 68 1279.5 1342.5
10056 68 1279.5 1381.5
10068 68 1278.5 1420.5
10080 68 1278.5 1460.0
10092 68 1278.5 1499.0
10104 68 1277.5 1536.0
10116 68 1277.5 1575.0
10128 68 1277.5 1614.5
10140 68 1276.5 1654.0
10152 68 1276.5 1693.0
10164 68 1276.5 1730.0
10176 68 1275.5 1769.0
10188 68 1275.5 1808.5
10200 68 1275.5 1847.5
10212 68 1275.0 1886.5
10056 69 1110.5 591.5
10068 69 1110.5 633.0
10080 69 1112.0 670.0
10092 69 1062.5 866.0
10104 69 1008.5 938.0
10116 69 1011.5 936.0
10128 69 1013.5 936.0
10140 69 1013.5 936.0
10152 69 1013.5 936.0
10164 69 1013.5 936.0
10176 69 1013.5 936.0
10188 69 1013.5 936.0
10200 69 1013.5 936.0
10212 69 1013.5 936.0
10224 69 1013.5 936.0
10236 69 1013.5 936.0
10248 69 1013.5 936.0
10260 69 1013.5 936.0
10272 69 1013.5 936.0
10284 69 1013.5 936.0
10104 98 1281.5 1026.5
10116 98 1266.5 1026.5
10128 98 1252.5 1026.5
10140 98 1237.5 1022.5
10152 98 1223.0 1022.5
10164 98 1208.5 1018.5
10176 98 1194.0 1018.5
10188 98 1179.5 1018.5
10200 98 1165.0 1014.5
10212 98 1150.5 1014.5
10224 98 1135.5 1010.5
10236 98 1121.0 1010.5
10248 98 1106.5 1010.5
10260 98 1092.0 1006.0
10272 98 1077.5 1006.0
10284 98 1063.0 1006.0
10296 98 1048.5 1002.0
10308 98 1033.5 1002.0
10320 98 1019.0 997.5
10332 98 1004.5 997.5
10140 92 781.5 1060.0
10152 92 769.0 1060.0
10164 92 757.0 1060.0
10176 92 744.0 1058.0
10188 92 731.5 1058.0
10200 92 719.0 1058.0
10212 92 707.0 1058.0
10224 92 694.0 1058.0
10236 92 681.5 1058.0
10248 92 668.5 1058.0
10260 92 656.0 1055.5
10272 92 644.0 1055.5
10284 92 631.5 1055.5
10296 92 618.5 1055.5
10308 92 606.0 1055.5
10320 92 594.0 1055.5
10332 92 582.0 1055.5
10344 92 569.5 1053.5
10356 92 556.5 1053.5
10368 92 544.0 1053.5
10296 70 1013.5 936.0
10308 70 1013.5 936.0
10320 70 1013.5 936.0
10332 70 1013.5 936.0
10344 70 1013.5 936.0
10356 70 1013.5 936.0
10368 70 1013.5 936.0
10380 70 1013.5 936.0
10392 70 1013.5 936.0
10404 70 1013.5 936.0
10416 70 1013.5 936.0
10428 70 1013.5 936.0
10440 70 1013.5 936.0
10452 70 1013.5 936.0
10464 70 1013.5 936.0
10476 70 1013.5 936.0
10488 70 1013.5 936.0
10500 70 1013.5 936.0
10512 70 1013.5 936.0
10524 70 1013.5 936.0
10344 99 990.0 997.5
10356 99 975.5 993.5
10368 99 961.0 993.5
10380 99 946.5 989.5
10392 99 931.5 989.5
10404 99 917.5 989.5
10416 99 902.5 985.5
10428 99 888.0 985.5
10440 99 873.5 981.5
10452 99 859.0 981.5
10464 99 844.5 981.5
10476 99 829.5 977.5
10488 99 815.5 977.5
10500 99 802.5 977.5
10512 99 790.5 973.5
10524 99 780.0 969.0
10536 99 768.0 967.0
10548 99 757.0 963.0
10560 99 745.0 961.0
10572 99 733.0 959.0
10380 93 531.5 1053.5
10392 93 519.5 1053.5
10404 93 506.5 1053.5
10416 93 493.5 1053.5
10428 93 481.5 1053.5
10440 93 468.5 1053.5
10452 93 456.5 1053.5
10464 93 443.5 1053.5
10476 93 431.5 1053.5
10488 93 418.5 1053.5
10500 93 407.5 1053.5
10512 93 394.5 1051.5
10524 93 382.5 1049.5
10536 93 370.5 1049.5
10548 93 359.5 1049.5
10560 93 348.5 1047.5
10572 93 335.5 1049.5
10584 93 324.5 1049.5
10596 93 313.5 1049.5
10608 93 302.5 1053.5
10584 100 719.0 959.0
10596 100 703.0 961.0
10608 100 688.0 961.0
10620 100 673.0 963.0
10632 100 658.0 963.0
10644 100 643.0 967.0
10656 100 632.0 967.0
10668 100 619.5 967.0
10680 100 607.0 967.0
10692 100 594.0 969.0
10704 100 576.0 973.0
10716 100 559.0 977.0
10728 100 541.0 981.0
10740 100 525.0 985.5
10752 100 507.0 985.5
10764 100 496.0 985.5
10776 100 483.0 985.5
10788 100 470.0 981.0
10800 100 457.0 981.0
10812 100 446.5 977.0
10596 95 27.5 1080.5
10608 95 19.0 1100.5
10620 95 16.0 1105.5
10632 95 22.5 1096.5
10644 95 34.0 1100.5
10656 95 45.0 1100.5
10668 95 58.0 1105.5
10680 95 68.5 1109.5
10692 95 78.5 1113.5
10704 95 87.5 1113.5
10716 95 96.5 1117.5
10728 95 106.0 1121.5
10740 95 115.5 1125.5
10752 95 126.0 1125.5
10764 95 138.0 1121.5
10776 95 150.5 1117.5
10788 95 163.5 1113.5
10800 95 176.0 1109.5
10812 95 188.0 1105.5
10824 95 200.5 1100.5
10620 94 291.5 1053.5
10632 94 280.5 1053.5
10644 94 268.0 1053.5
10656 94 257.5 1053.5
10668 94 246.5 1053.5
10680 94 235.5 1053.5
10692 94 222.5 1053.5
10704 94 209.5 1053.5
10716 94 197.0 1053.5
10728 94 184.5 1053.5
10740 94 171.5 1053.5
10752 94 158.5 1053.5
10764 94 142.5 1053.5
10776 94 126.0 1053.5
10788 94 109.5 1053.5
10800 94 93.5 1049.5
10812 94 76.5 1049.5
10824 94 60.5 1049.5
10836 94 49.5 1049.5
10848 94 45.0 1049.5
10824 101 434.0 977.0
10836 101 421.0 973.0
10848 101 408.0 973.0
10860 101 396.0 973.0
10872 101 383.0 973.0
10884 101 370.0 969.0
10896 101 355.5 969.0
10908 101 339.0 965.0
10920 101 324.5 965.0
10932 101 310.0 965.0
10944 101 295.0 961.0
10956 101 279.0 961.0
10968 101 266.0 956.5
10980 101 253.5 948.0
10992 101 239.0 944.0
11004 101 226.0 938.0
11016 101 211.5 940.0
11028 101 198.0 942.0
11040 101 184.5 942.0
11052 101 169.5 944.0
10836 96 213.5 1100.5
10848 96 226.0 1100.5
10860 96 241.0 1100.5
10872 96 253.5 1100.5
10884 96 266.0 1100.5
10896 96 277.0 1100.5
10908 96 288.0 1100.5
10920 96 299.0 1105.5
10932 96 310.0 1105.5
10944 96 321.0 1105.5
10956 96 332.0 1105.5
10968 96 342.5 1109.5
10980 96 353.5 1109.5
10992 96 364.5 1109.5
11004 96 377.5 1111.5
11016 96 388.0 1111.5
11028 96 399.0 1109.5
11040 96 410.0 1109.5
11052 96 421.0 1107.0
11064 96 432.0 1107.0
11064 102 1288.5 1220.5
11076 102 1288.5 1224.5
11088 102 1289.5 1233.0
11100 102 1290.5 1245.5
11112 102 1290.5 1253.5
11124 102 1292.5 1262.0
11136 102 1293.5 1270.0
11148 102 1293.5 1278.5
11160 102 1294.0 1290.5
11172 102 1295.0 1299.0
11184 102 1297.0 1307.0
11196 102 1297.0 1319.5
11208 102 1297.0 1332.0
11220 102 1297.0 1340.0
11232 102 1297.0 1352.5
11244 102 1297.0 1365.0
11256 102 1297.0 1373.0
11268 102 1297.0 1385.5
11280 102 1297.0 1398.0
11292 102 1297.0 1406.0
11076 97 443.0 1107.0
11088 97 454.0 1105.0
11100 97 465.5 1107.0
11112 97 476.5 1105.0
11124 97 487.5 1105.0
11136 97 498.5 1103.0
11148 97 509.5 1103.0
11160 97 520.5 1101.0
11172 97 531.5 1101.0
11184 97 544.0 1103.0
11196 97 555.0 1103.0
11208 97 567.5 1103.0
11220 97 580.5 1103.0
11232 97 591.5 1103.0
11244 97 604.0 1103.0
11256 97 615.0 1103.0
11268 97 627.5 1103.0
11280 97 638.5 1103.0
11292 97 649.5 1103.0
11304 97 660.5 1103.0