72 1 407.5 1026.0
84 1 427.5 1029.0
96 1 448.5 1033.0
108 1 468.5 1037.0
120 1 487.5 1040.0
132 1 499.5 1044.0
144 1 510.5 1048.0
156 1 520.5 1048.0
168 1 532.5 1051.0
180 1 542.5 1051.0
192 1 553.5 1055.0
204 1 565.5 1059.0
216 1 576.5 1051.0
228 1 589.5 1044.0
240 1 599.5 1040.0
252 1 609.5 1037.0
264 1 619.5 1037.0
276 1 629.5 1033.0
288 1 639.5 1033.0
300 1 649.5 1029.0
72 11 237.5 939.5
84 11 256.5 939.5
96 11 272.5 939.5
108 11 290.5 939.5
120 11 303.5 935.5
132 11 313.5 935.5
144 11 325.5 935.5
156 11 336.5 935.5
168 11 348.5 932.5
180 11 359.5 932.5
192 11 371.5 932.5
204 11 382.5 932.5
216 11 392.5 932.5
228 11 402.5 932.5
240 11 412.5 935.5
252 11 422.5 935.5
264 11 432.0 939.5
276 11 441.5 939.5
288 11 451.5 943.5
300 11 461.5 943.5
72 25 616.5 866.5
84 25 621.5 862.5
96 25 626.0 858.5
108 25 634.5 851.5
120 25 644.5 840.5
132 25 645.5 829.5
144 25 642.5 822.5
156 25 639.5 814.5
168 25 631.5 805.5
180 25 623.5 796.5
192 25 613.5 785.5
204 25 605.5 778.0
216 25 595.5 771.0
228 25 585.5 760.0
240 25 577.5 752.5
252 25 567.5 741.5
264 25 559.5 730.5
276 25 548.0 723.0
288 25 538.0 716.0
300 25 528.5 708.5
72 30 875.0 893.5
84 30 902.0 890.0
96 30 927.5 886.0
108 30 954.0 882.5
120 30 980.0 879.0
132 30 995.0 884.5
144 30 1005.0 888.0
156 30 1002.0 888.0
168 30 998.5 888.0
180 30 995.0 888.0
192 30 992.0 888.0
204 30 989.0 884.5
216 30 985.0 884.5
228 30 982.0 884.5
240 30 979.0 884.5
252 30 975.5 884.5
264 30 972.0 881.0
276 30 969.0 881.0
288 30 966.0 881.0
300 30 962.0 881.0
72 34 877.5 928.5
84 34 904.0 932.5
96 34 930.0 935.5
108 34 958.0 939.5
120 34 984.5 939.5
132 34 998.0 939.5
144 34 1006.0 939.5
156 34 1002.5 939.5
168 34 998.0 939.5
180 34 994.5 939.5
192 34 991.0 939.5
204 34 986.0 939.5
216 34 983.0 939.5
228 34 979.5 939.5
240 34 975.0 939.5
252 34 971.5 939.5
264 34 968.0 939.5
276 34 963.0 939.5
288 34 960.0 939.5
300 34 956.5 939.5
72 44 919.5 958.0
84 44 947.0 963.0
96 44 973.5 970.5
108 44 1000.0 976.5
120 44 1026.5 981.5
132 44 1026.5 985.5
144 44 1025.0 985.5
156 44 1023.0 985.5
168 44 1020.0 985.5
180 44 1018.5 985.5
192 44 1016.5 985.5
204 44 1003.5 981.5
216 44 990.5 978.0
228 44 980.5 978.0
240 44 972.0 978.0
252 44 964.0 978.0
264 44 955.5 981.5
276 44 946.0 981.5
288 44 937.5 981.5
300 44 929.5 981.5
72 48 915.5 987.0
84 48 940.5 994.5
96 48 964.5 1002.0
108 48 989.5 1009.0
120 48 1012.5 1013.0
132 48 1015.0 1016.5
144 48 1015.0 1016.5
156 48 1015.0 1016.5
168 48 1015.0 1018.0
180 48 1015.0 1018.0
192 48 1015.0 1018.0
204 48 998.5 1016.5
216 48 982.0 1011.0
228 48 972.5 1011.0
240 48 964.0 1011.0
252 48 955.5 1011.0
264 48 947.5 1011.0
276 48 937.5 1011.0
288 48 929.5 1011.0
300 48 921.5 1011.0
72 58 20.0 102.0
84 58 23.0 117.0
96 58 25.0 131.0
108 58 28.0 146.0
120 58 30.0 161.0
132 58 32.0 175.0
144 58 32.0 194.0
156 58 33.0 208.0
168 58 33.0 223.0
180 58 35.0 241.0
192 58 35.0 256.0
204 58 36.5 274.0
216 58 36.5 285.0
228 58 36.5 296.0
240 58 36.5 307.0
252 58 36.5 318.0
264 58 36.5 329.0
276 58 38.0 340.0
288 58 38.0 351.0
300 58 38.0 362.0
72 60 606.5 910.5
84 60 616.0 912.0
96 60 627.0 914.0
108 60 637.5 916.0
120 60 647.5 917.5
132 60 649.0 915.5
144 60 646.0 915.5
156 60 637.5 915.5
168 60 629.0 915.5
180 60 619.5 915.5
192 60 611.0 915.5
204 60 603.0 912.0
216 60 595.0 908.5
228 60 586.5 908.5
240 60 575.0 908.5
252 60 565.0 908.5
264 60 554.0 908.5
276 60 544.0 908.5
288 60 532.0 908.5
300 60 527.5 893.5
72 63 608.5 954.0
84 63 618.5 954.0
96 63 627.0 950.5
108 63 636.5 950.5
120 63 646.5 950.5
132 63 648.5 950.5
144 63 646.5 950.5
156 63 638.5 950.5
168 63 630.0 947.0
180 63 620.5 947.0
192 63 612.0 947.0
204 63 605.5 947.0
216 63 599.0 947.0
228 63 594.0 947.0
240 63 584.0 943.0
252 63 574.5 939.5
264 63 564.5 936.0
276 63 556.0 932.0
288 63 546.5 928.5
300 63 536.5 925.0
72 66 734.5 882.5
84 66 747.5 882.5
96 66 762.5 886.5
108 66 775.5 890.0
120 66 790.5 890.0
132 66 787.5 893.5
144 66 782.5 893.5
156 66 777.5 893.5
168 66 774.0 893.5
180 66 769.5 893.5
192 66 764.5 893.5
204 66 741.5 882.5
216 66 729.5 886.5
228 66 719.5 890.0
240 66 709.5 886.5
252 66 700.0 886.5
264 66 690.5 886.5
276 66 682.0 882.5
288 66 672.5 882.5
300 66 662.5 882.5
96 53 49.0 1496.5
108 53 54.0 1507.5
120 53 60.5 1522.5
132 53 67.0 1536.5
144 53 78.5 1544.5
156 53 91.5 1555.5
168 53 100.0 1555.5
180 53 108.0 1558.5
192 53 116.0 1562.5
204 53 124.5 1569.5
216 53 133.0 1577.5
228 53 141.0 1584.5
240 53 151.0 1595.5
252 53 159.0 1606.5
264 53 165.5 1613.5
276 53 172.0 1617.5
288 53 179.0 1624.5
300 53 188.5 1632.5
312 53 197.0 1639.5
324 53 207.0 1643.5
96 55 981.0 1193.5
108 55 1008.5 1174.0
120 55 1039.5 1163.0
132 55 1067.5 1155.5
144 55 1084.0 1148.5
156 55 1095.5 1137.5
168 55 1100.5 1130.0
180 55 1107.0 1119.0
192 55 1112.0 1112.0
204 55 1112.0 1101.0
216 55 1112.0 1086.0
228 55 1113.5 1075.0
240 55 1118.5 1068.0
252 55 1122.0 1057.0
264 55 1128.5 1046.0
276 55 1138.5 1038.5
288 55 1149.0 1027.5
300 55 1158.0 1016.5
312 55 1162.27 1016.02
324 55 1152.59 1025.09
120 18 1108.5 1007.5
132 18 1153.5 1003.5
144 18 1153.5 1000.0
156 18 1153.5 992.5
168 18 1153.5 985.5
180 18 1153.5 981.5
192 18 1153.5 974.5
204 18 1150.5 967.0
216 18 1142.5 956.0
228 18 1127.5 948.5
240 18 1119.5 948.5
252 18 1111.5 948.5
264 18 1102.5 948.5
276 18 1096.5 948.5
288 18 1088.5 948.5
300 18 1079.5 948.5
312 18 1073.5 948.5
324 18 1058.5 948.5
336 18 1045.5 948.5
348 18 1032.5 948.5
120 71 972.5 915.5
132 71 992.0 915.5
144 71 1006.5 915.5
156 71 1003.5 915.5
168 71 998.5 915.5
180 71 995.5 915.5
192 71 991.5 917.5
204 71 987.0 916.0
216 71 983.5 916.0
228 71 979.5 917.5
240 71 975.5 917.5
252 71 971.5 917.5
264 71 968.5 915.5
276 71 964.0 917.5
288 71 959.5 917.5
300 71 956.5 917.5
312 71 953.5 919.5
324 71 945.5 915.5
336 71 938.5 912.0
348 71 931.5 912.0
156 54 280.5 904.5
168 54 269.5 901.0
180 54 257.5 901.0
192 54 247.5 901.0
204 54 238.0 901.0
216 54 226.5 904.5
228 54 216.5 904.5
240 54 206.5 904.5
252 54 195.5 904.5
264 54 185.5 904.5
276 54 173.5 901.0
288 54 164.0 901.0
300 54 152.5 897.5
312 54 142.5 897.5
324 54 132.5 897.5
336 54 121.5 893.5
348 54 111.5 893.5
360 54 98.5 890.0
372 54 85.0 890.0
384 54 71.5 886.5
204 8 22.5 996.5
216 8 32.5 992.5
228 8 44.0 992.5
240 8 54.0 992.5
252 8 65.0 989.0
264 8 77.0 989.0
276 8 87.0 989.0
288 8 98.0 985.5
300 8 110.0 985.5
312 8 119.5 985.5
324 8 131.0 981.5
336 8 142.5 981.5
348 8 152.5 981.5
360 8 164.0 978.0
372 8 175.5 978.0
384 8 185.0 978.0
396 8 197.0 974.5
408 8 208.5 974.5
420 8 218.0 974.5
432 8 230.0 970.5
204 15 63.0 992.5
216 15 73.0 989.0
228 15 84.0 989.0
240 15 94.0 989.0
252 15 105.5 989.0
264 15 115.5 989.0
276 15 127.0 989.0
288 15 137.0 989.0
300 15 148.0 989.0
312 15 160.0 985.5
324 15 170.0 985.5
336 15 181.0 985.5
348 15 191.0 985.5
360 15 203.0 985.5
372 15 212.5 985.5
384 15 224.0 985.5
396 15 235.5 985.5
408 15 245.0 981.5
420 15 257.0 981.5
432 15 267.0 981.5
204 38 26.5 1007.5
216 38 36.5 1003.5
228 38 48.0 1003.5
240 38 58.0 1003.5
252 38 69.5 1003.5
264 38 81.0 1000.0
276 38 91.0 1000.0
288 38 102.5 1000.0
300 38 112.0 1000.0
312 38 123.5 1000.0
324 38 135.0 996.5
336 38 145.0 996.5
348 38 156.5 996.5
360 38 166.5 996.5
372 38 178.0 996.5
384 38 189.5 992.5
396 38 199.5 992.5
408 38 211.0 992.5
420 38 220.5 992.5
432 38 232.0 992.5
204 41 58.0 1024.0
216 41 68.0 1020.0
228 41 79.0 1020.0
240 41 89.0 1020.0
252 41 101.0 1020.0
264 41 112.0 1020.0
276 41 122.0 1020.0
288 41 133.5 1020.0
300 41 143.0 1020.0
312 41 155.0 1020.0
324 41 166.5 1020.0
336 41 176.0 1020.0
348 41 188.0 1020.0
360 41 198.0 1020.0
372 41 209.0 1020.0
384 41 221.0 1020.0
396 41 230.5 1020.0
408 41 242.0 1020.0
420 41 252.0 1020.0
432 41 263.5 1020.0
204 52 258.5 1207.0
216 52 265.0 1210.5
228 52 273.5 1214.0
240 52 280.0 1218.0
252 52 288.0 1221.5
264 52 294.5 1225.0
276 52 303.0 1229.0
288 52 309.5 1232.5
300 52 317.5 1236.0
312 52 319.5 1240.0
324 52 319.5 1240.0
336 52 319.5 1240.0
348 52 319.5 1240.0
360 52 319.5 1240.0
372 52 319.5 1240.0
384 52 319.5 1240.0
396 52 319.5 1240.0
408 52 319.5 1240.0
420 52 319.5 1240.0
432 52 319.5 1240.0
216 22 524.0 1707.5
228 22 511.5 1707.5
240 22 505.0 1707.5
252 22 498.5 1707.5
264 22 492.0 1707.5
276 22 485.5 1707.5
288 22 480.5 1712.5
300 22 475.5 1718.5
312 22 472.5 1720.0
324 22 467.5 1726.0
336 22 461.0 1727.5
348 22 451.0 1724.0
360 22 441.5 1718.5
372 22 432.0 1716.5
384 22 423.5 1714.5
396 22 422.5 1722.0
408 22 418.5 1726.0
420 22 413.1 1723.8
432 22 406.63 1721.15
444 22 400.15 1718.51
312 2 660.5 1029.0
324 2 665.5 1029.0
336 2 672.5 1029.0
348 2 678.5 1029.0
360 2 685.5 1033.0
372 2 691.5 1033.0
384 2 698.5 1033.0
396 2 704.5 1033.0
408 2 730.5 1027.5
420 2 767.0 1016.5
432 2 780.5 1029.0
444 2 788.5 1026.0
456 2 797.5 1026.0
468 2 805.5 1026.0
480 2 813.5 1026.0
492 2 821.5 1026.0
504 2 830.5 1022.0
516 2 840.5 1022.0
528 2 850.5 1022.0
540 2 860.5 1022.0
312 12 473.5 946.5
324 12 481.5 946.5
336 12 491.5 946.5
348 12 499.5 946.5
360 12 509.5 946.5
372 12 517.5 946.5
384 12 527.5 946.5
396 12 537.5 946.5
408 12 554.5 932.5
420 12 576.0 915.5
432 12 587.5 915.5
444 12 597.5 915.5
456 12 607.5 917.5
468 12 617.5 917.5
480 12 629.5 917.5
492 12 639.5 917.5
504 12 650.0 913.5
516 12 659.0 912.0
528 12 669.0 912.0
540 12 678.0 908.5
312 26 520.0 697.5
324 26 513.5 690.0
336 26 503.5 683.0
348 26 490.5 672.0
360 26 477.5 664.5
372 26 464.0 657.0
384 26 451.0 650.0
396 26 439.5 642.5
408 26 429.5 631.5
420 26 419.5 624.0
432 26 409.5 617.0
444 26 400.0 606.0
456 26 388.5 598.5
468 26 378.5 591.5
480 26 367.0 587.5
492 26 355.5 580.5
504 26 345.5 574.5
516 26 335.5 571.0
528 26 325.0 566.0
540 26 312.0 558.0
312 31 959.0 881.0
324 31 951.0 877.0
336 31 943.0 877.0
348 31 934.0 877.0
360 31 926.0 877.0
372 31 918.0 877.0
384 31 910.0 877.0
396 31 903.0 877.0
408 31 913.0 873.5
420 31 934.0 873.5
432 31 931.0 873.5
444 31 926.0 873.5
456 31 921.0 873.5
468 31 915.0 873.5
480 31 910.0 873.5
492 31 905.0 873.5
504 31 900.0 873.5
516 31 895.0 873.5
528 31 890.0 873.5
540 31 885.0 875.5
312 35 953.0 943.5
324 35 945.0 939.5
336 35 937.0 939.5
348 35 928.5 935.5
360 35 922.0 935.5
372 35 914.0 932.5
384 35 905.5 932.5
396 35 897.5 932.5
408 35 910.5 925.0
420 35 937.5 919.5
432 35 935.0 919.5
444 35 929.5 923.0
456 35 924.5 927.0
468 35 919.0 928.5
480 35 914.0 932.0
492 35 909.0 934.0
504 35 902.0 936.0
516 35 897.5 936.0
528 35 892.0 936.0
540 35 886.0 936.0
312 45 921.0 985.5
324 45 911.5 981.5
336 45 902.5 979.5
348 45 893.5 976.5
360 45 884.5 974.5
372 45 862.5 974.5
384 45 844.5 976.0
396 45 838.5 976.0
408 45 844.5 969.0
420 45 864.5 961.5
432 45 853.0 961.5
444 45 839.5 961.5
456 45 828.5 961.5
468 45 818.5 961.5
480 45 808.5 961.5
492 45 798.5 961.5
504 45 788.5 958.0
516 45 777.5 958.0
528 45 765.5 954.0
540 45 754.5 952.5
312 49 913.0 1011.0
324 49 900.0 1007.0
336 49 886.5 1007.0
348 49 875.5 1007.0
360 49 862.0 1007.0
372 49 849.0 1011.0
384 49 835.5 1011.0
396 49 824.5 1004.0
408 49 834.0 996.0
420 49 857.0 993.0
432 49 849.0 993.0
444 49 835.5 993.0
456 49 822.5 996.0
468 49 811.0 996.0
480 49 798.0 996.0
492 49 786.5 996.0
504 49 773.5 993.0
516 49 763.5 993.0
528 49 753.5 993.0
540 49 743.5 993.0
312 59 38.0 373.0
324 59 38.0 384.0
336 59 40.0 395.0
348 59 40.0 406.0
360 59 40.0 417.0
372 59 40.0 428.0
384 59 40.0 439.0
396 59 40.0 450.0
408 59 40.0 465.0
420 59 40.0 476.0
432 59 40.0 487.0
444 59 40.0 498.0
456 59 40.0 509.0
468 59 40.0 520.0
480 59 40.0 531.0
492 59 40.0 542.0
504 59 38.0 551.0
516 59 36.0 562.0
528 59 34.0 573.0
540 59 31.5 584.0
312 61 524.0 879.0
324 61 512.5 893.5
336 61 501.0 893.5
348 61 488.0 893.5
360 61 476.5 893.5
372 61 465.0 893.5
384 61 453.5 893.5
396 61 442.0 879.0
408 61 438.5 875.5
420 61 438.5 879.0
432 61 432.0 875.5
444 61 425.5 871.5
456 61 412.0 875.5
468 61 394.0 882.5
480 61 383.0 882.5
492 61 371.0 879.0
504 61 359.5 875.5
516 61 350.0 873.5
528 61 339.0 869.5
540 61 329.5 868.0
312 64 528.5 925.0
324 64 516.5 921.0
336 64 505.5 917.5
348 64 493.5 917.5
360 64 482.0 914.0
372 64 470.5 914.0
384 64 459.0 910.0
396 64 447.5 910.0
408 64 439.5 906.5
420 64 434.5 906.5
432 64 428.0 906.5
444 64 423.0 906.5
456 64 414.5 906.5
468 64 401.5 906.5
480 64 388.5 906.5
492 64 375.5 906.5
504 64 362.0 906.5
516 64 352.5 903.0
528 64 340.5 899.0
540 64 330.5 899.0
312 67 654.0 882.5
324 67 640.5 879.0
336 67 629.5 879.0
348 67 617.5 879.0
360 67 606.5 879.0
372 67 593.5 879.0
384 67 581.5 879.0
396 67 570.5 879.0
408 67 561.5 875.5
420 67 557.0 875.5
432 67 550.5 871.5
444 67 545.5 871.5
456 67 537.5 871.5
468 67 524.5 871.5
480 67 510.5 871.5
492 67 499.5 871.5
504 67 486.5 871.5
516 67 474.0 873.5
528 67 463.0 873.5
540 67 451.0 875.0
360 19 1019.5 948.5
372 19 1005.5 948.5
384 19 992.5 948.5
396 19 979.5 948.5
408 19 989.5 945.0
420 19 1015.5 945.0
432 19 1007.5 945.0
444 19 996.5 948.5
456 19 984.5 948.5
468 19 973.5 952.5
480 19 959.5 952.5
492 19 948.5 956.0
504 19 936.5 956.0
516 19 926.0 956.0
528 19 914.5 956.0
540 19 903.0 956.0
552 19 891.5 954.0
564 19 881.0 952.5
576 19 869.5 952.5
588 19 858.0 950.5
360 72 925.5 908.5
372 72 918.5 908.5
384 72 912.5 904.5
396 72 905.5 904.5
408 72 917.5 901.0
420 72 938.5 897.5
432 72 935.5 897.5
444 72 930.5 901.0
456 72 923.5 904.5
468 72 918.5 908.5
480 72 912.5 912.0
492 72 907.5 915.5
504 72 902.5 915.5
516 72 897.5 915.5
528 72 892.5 915.5
540 72 888.5 915.5
552 72 883.5 912.0
564 72 878.5 912.0
576 72 874.5 912.0
588 72 869.5 908.5
408 56 20.0 1474.5
420 56 27.0 1485.5
432 56 35.0 1500.0
444 56 43.0 1515.0
456 56 51.0 1526.0
468 56 58.0 1537.0
480 56 64.5 1544.0
492 56 73.0 1555.0
504 56 78.5 1562.5
516 56 84.5 1566.5
528 56 90.5 1571.5
540 56 99.0 1579.0
552 56 109.0 1590.0
564 56 118.5 1601.0
576 56 130.5 1612.0
588 56 140.0 1623.0
600 56 150.0 1634.0
612 56 160.0 1645.0
624 56 168.0 1656.0
636 56 178.0 1667.0
444 9 239.5 970.5
456 9 251.0 970.5
468 9 262.5 967.0
480 9 272.5 967.0
492 9 284.0 967.0
504 9 295.5 965.0
516 9 306.5 965.0
528 9 317.5 965.0
540 9 329.5 965.0
552 9 339.5 965.0
564 9 351.5 965.0
576 9 363.5 965.0
588 9 375.5 965.0
600 9 386.0 965.0
612 9 397.5 965.0
624 9 409.5 960.0
636 9 422.0 954.0
648 9 434.5 948.5
660 9 447.5 943.5
672 9 449.5 946.5
444 16 278.0 981.5
456 16 288.0 981.5
468 16 300.0 981.5
480 16 311.0 981.5
492 16 321.0 981.5
504 16 332.5 981.5
516 16 343.0 981.5
528 16 355.5 983.5
540 16 367.0 983.5
552 16 377.5 985.0
564 16 390.0 985.0
576 16 401.5 987.0
588 16 413.0 987.0
600 16 425.0 989.0
612 16 436.0 989.0
624 16 449.0 985.5
636 16 461.0 981.5
648 16 474.0 974.5
660 16 487.0 970.5
672 16 485.0 970.5
444 39 243.5 989.0
456 39 253.5 989.0
468 39 265.0 989.0
480 39 275.0 989.0
492 39 286.5 989.0
504 39 298.0 989.0
516 39 308.5 989.0
528 39 319.5 989.0
540 39 331.0 991.0
552 39 341.5 991.0
564 39 352.5 993.0
576 39 363.5 993.0
588 39 374.5 994.5
600 39 386.0 994.5
612 39 397.0 994.5
624 39 410.0 991.0
636 39 425.0 987.0
648 39 438.0 980.0
660 39 453.0 976.0
672 39 453.0 980.0
444 42 275.0 1020.0
456 42 285.0 1020.0
468 42 296.0 1020.0
480 42 306.0 1020.0
492 42 318.0 1020.0
504 42 329.0 1016.5
516 42 341.5 1016.5
528 42 354.0 1016.5
540 42 366.5 1013.0
552 42 378.5 1013.0
564 42 392.0 1013.0
576 42 404.0 1009.0
588 42 416.5 1009.0
600 42 428.5 1009.0
612 42 441.0 1009.0
624 42 452.5 1009.0
636 42 465.5 1009.0
648 42 477.5 1013.0
660 42 490.5 1013.0
672 42 487.0 1016.5
456 23 393.68 1715.87
468 23 387.2 1713.22
480 23 380.73 1710.58
492 23 374.25 1707.94
504 23 367.78 1705.29
516 23 361.3 1702.65
528 23 354.83 1700.0
540 23 348.35 1697.36
552 23 341.88 1694.72
564 23 335.4 1692.07
576 23 328.93 1689.43
588 23 322.45 1686.79
600 23 315.98 1684.14
612 23 309.5 1681.5
624 23 301.0 1678.0
636 23 295.0 1674.5
648 23 288.0 1674.5
660 23 281.5 1670.5
672 23 275.0 1667.0
684 23 255.0 1645.0
456 69 617.0 888.0
468 69 627.0 888.0
480 69 636.5 888.0
492 69 646.5 888.0
504 69 656.5 884.5
516 69 666.5 882.5
528 69 676.5 881.0
540 69 686.0 879.0
552 69 696.0 877.5
564 69 705.5 873.5
576 69 716.5 871.5
588 69 726.5 869.5
600 69 736.0 868.0
612 69 747.0 864.5
624 69 756.5 862.5
636 69 767.5 862.5
648 69 777.0 859.0
660 69 787.0 857.0
672 69 789.0 857.0
684 69 779.0 857.0
552 3 870.5 1022.0
564 3 880.0 1022.0
576 3 891.0 1022.0
588 3 901.0 1022.0
600 3 910.5 1022.0
612 3 920.5 1022.0
624 3 930.0 1022.0
636 3 941.0 1022.0
648 3 951.0 1022.0
660 3 961.0 1022.0
672 3 966.0 1015.0
684 3 952.0 1004.0
696 3 913.0 1004.0
708 3 874.0 1004.0
720 3 852.0 1007.0
732 3 836.0 1007.0
744 3 818.0 1004.0
756 3 793.0 1004.0
768 3 770.0 1004.0
780 3 775.0 1007.0
552 13 687.0 906.5
564 13 697.5 903.0
576 13 709.5 895.5
588 13 722.5 890.0
600 13 732.5 888.0
612 13 742.5 886.0
624 13 751.5 884.5
636 13 761.5 881.0
648 13 771.5 877.0
660 13 784.5 877.0
672 13 796.5 884.5
684 13 786.5 884.5
696 13 774.5 881.0
708 13 765.0 881.0
720 13 751.5 881.0
732 13 735.5 881.0
744 13 724.0 881.0
756 13 719.0 881.0
768 13 714.0 881.0
780 13 710.5 881.0
552 27 300.5 551.0
564 27 289.0 540.0
576 27 276.0 533.0
588 27 264.0 525.5
600 27 254.5 518.0
612 27 248.0 518.0
624 27 238.0 511.0
636 27 226.5 503.5
648 27 213.0 496.0
660 27 202.0 489.0
672 27 190.0 478.0
684 27 177.0 467.0
696 27 164.0 456.0
708 27 151.0 445.0
720 27 141.0 441.0
732 27 131.0 441.0
744 27 121.0 435.5
756 27 108.0 426.5
768 27 95.0 415.5
780 27 83.0 403.0
552 32 881.0 875.5
564 32 876.0 875.5
576 32 871.0 877.5
588 32 866.0 879.0
600 32 863.0 879.0
612 32 858.0 880.5
624 32 853.0 880.5
636 32 848.5 882.5
648 32 844.0 882.5
660 32 839.0 882.5
672 32 822.5 886.5
684 32 791.5 890.0
696 32 758.5 890.0
708 32 727.5 893.5
720 32 699.5 897.5
732 32 676.5 901.0
744 32 656.5 901.0
756 32 636.5 901.0
768 32 617.0 901.0
780 32 600.5 897.5
552 36 881.0 936.0
564 36 875.0 938.0
576 36 870.0 938.0
588 36 864.0 938.0
600 36 859.0 938.0
612 36 853.0 939.5
624 36 847.0 939.5
636 36 841.5 939.5
648 36 836.5 939.5
660 36 831.0 939.5
672 36 815.0 937.5
684 36 787.0 937.5
696 36 759.0 937.5
708 36 731.0 937.5
720 36 703.5 941.5
732 36 672.0 952.5
744 36 646.0 956.0
756 36 626.0 952.5
768 36 606.5 948.5
780 36 588.0 945.0
552 46 742.5 950.5
564 46 731.5 948.5
576 46 719.0 945.0
588 46 707.5 945.0
600 46 696.0 941.5
612 46 684.5 939.5
624 46 673.0 937.5
636 46 661.5 935.5
648 46 650.0 934.0
660 46 638.5 932.5
672 46 618.5 932.5
684 46 590.5 932.5
696 46 562.5 932.5
708 46 533.0 932.5
720 46 508.5 932.5
732 46 485.5 932.5
744 46 459.0 935.5
756 46 429.5 946.5
768 46 413.0 946.5
780 46 403.0 946.5
552 50 733.5 993.0
564 50 724.0 991.0
576 50 712.5 991.0
588 50 702.5 991.0
600 50 692.5 991.0
612 50 682.5 989.0
624 50 673.0 989.0
636 50 661.5 989.0
648 50 651.5 989.0
660 50 641.5 989.0
672 50 625.5 985.5
684 50 597.5 985.5
696 50 571.0 985.5
708 50 543.0 985.5
720 50 518.5 981.5
732 50 497.0 981.5
744 50 469.0 981.5
756 50 429.5 981.5
768 50 407.5 967.0
780 50 397.5 974.5
552 62 318.5 866.5
564 62 307.5 862.5
576 62 297.5 860.5
588 62 286.5 857.0
600 62 276.5 857.0
612 62 266.5 857.0
624 62 257.0 857.0
636 62 247.0 857.0
648 62 237.0 857.0
660 62 227.5 857.0
672 62 212.5 857.0
684 62 196.0 860.5
696 62 181.5 864.5
708 62 166.5 864.5
720 62 151.5 868.0
732 62 137.0 871.5
744 62 123.5 875.5
756 62 110.5 879.0
768 62 99.0 882.5
780 62 86.0 886.5
552 65 318.5 895.5
564 65 308.0 892.0
576 65 297.5 888.0
588 65 285.5 884.5
600 65 275.5 884.5
612 65 267.5 888.0
624 65 259.5 888.0
636 65 249.5 892.0
648 65 241.5 895.5
660 65 233.5 895.5
672 65 218.5 899.0
684 65 203.5 903.0
696 65 188.5 906.5
708 65 173.5 906.5
720 65 157.5 910.0
732 65 142.5 914.0
744 65 126.5 917.5
756 65 111.5 921.0
768 65 96.5 925.0
780 65 81.5 928.5
552 68 439.0 877.0
564 68 427.0 879.0
576 68 414.5 879.0
588 68 403.5 880.5
600 68 390.5 882.5
612 68 380.5 884.5
624 68 363.5 881.0
636 68 349.0 881.0
648 68 334.0 877.0
660 68 319.5 877.0
672 68 303.0 877.0
684 68 288.0 877.0
696 68 271.5 877.0
708 68 255.5 877.0
720 68 237.0 877.0
732 68 220.5 881.0
744 68 202.5 884.5
756 68 184.5 884.5
768 68 168.0 884.5
780 68 151.5 884.5
600 20 846.0 950.5
612 20 835.0 950.5
624 20 823.5 948.5
636 20 812.0 947.0
648 20 800.5 947.0
660 20 789.5 947.0
672 20 776.5 943.0
684 20 740.5 943.0
696 20 702.5 939.5
708 20 666.5 939.5
720 20 635.0 939.5
732 20 607.5 939.5
744 20 582.5 936.0
756 20 559.5 932.0
768 20 538.0 928.5
780 20 520.0 928.5
792 20 513.5 932.0
804 20 506.5 939.5
816 20 497.0 939.5
828 20 485.5 939.5
600 73 865.5 908.5
612 73 861.0 908.5
624 73 856.0 908.5
636 73 851.0 904.5
648 73 847.0 904.5
660 73 842.0 904.5
672 73 826.0 904.5
684 73 795.0 904.5
696 73 763.0 904.5
708 73 732.0 904.5
720 73 704.0 908.5
732 73 679.5 919.5
744 73 658.0 923.0
756 73 638.0 923.0
768 73 619.0 919.5
780 73 601.0 915.5
792 73 594.0 915.5
804 73 586.0 912.0
816 73 578.0 908.5
828 73 571.0 908.5
648 57 186.0 1681.5
660 57 196.0 1692.5
672 57 202.5 1700.0
684 57 202.5 1689.0
696 57 201.0 1674.5
708 57 201.0 1659.5
720 57 194.5 1645.0
732 57 186.0 1634.0
744 57 178.0 1619.5
756 57 174.5 1612.0
768 57 174.5 1612.0
780 57 176.5 1612.0
792 57 176.5 1612.0
804 57 179.5 1615.5
816 57 187.5 1623.0
828 57 197.5 1626.5
840 57 206.0 1634.0
852 57 214.0 1637.5
864 57 222.5 1645.0
876 57 230.5 1648.5
672 5 1171.0 937.5
684 5 1130.0 930.5
696 5 1061.0 930.5
708 5 1021.5 930.5
720 5 964.0 937.5
732 5 934.0 930.5
744 5 900.0 932.0
756 5 859.5 934.0
768 5 820.0 934.0
780 5 814.0 934.0
792 5 814.0 936.0
804 5 814.0 937.5
816 5 806.0 937.5
828 5 795.0 934.0
840 5 783.0 930.5
852 5 770.0 926.5
864 5 758.0 919.5
876 5 747.0 915.5
888 5 734.0 912.0
900 5 722.0 908.5
672 6 1171.0 1005.5
684 6 1128.5 978.0
696 6 1061.0 967.0
708 6 1024.0 974.5
720 6 966.5 978.0
732 6 937.0 971.0
744 6 900.0 971.0
756 6 858.5 976.5
768 6 828.0 967.0
780 6 819.0 965.0
792 6 815.0 965.0
804 6 812.0 965.0
816 6 802.5 963.5
828 6 791.5 963.5
840 6 779.5 963.5
852 6 766.5 959.5
864 6 755.5 959.5
876 6 743.5 959.5
888 6 730.5 956.0
900 6 719.0 956.0
672 7 1152.0 895.5
684 7 1103.0 892.0
696 7 1035.5 895.5
708 7 986.0 895.5
720 7 938.5 892.0
732 7 905.5 895.5
744 7 873.0 899.0
756 7 833.0 903.0
768 7 794.0 903.0
780 7 782.0 903.0
792 7 777.0 903.0
804 7 771.0 903.0
816 7 759.0 903.0
828 7 744.5 903.0
840 7 728.0 903.0
852 7 713.0 903.0
864 7 698.5 903.0
876 7 688.5 899.0
888 7 677.0 899.0
900 7 665.5 895.5
672 29 998.0 941.5
684 29 963.0 941.5
696 29 909.0 937.5
708 29 856.0 934.0
720 29 812.0 937.5
732 29 769.0 930.5
744 29 736.0 930.5
756 29 703.0 937.5
768 29 682.0 934.0
780 29 675.5 948.5
792 29 664.0 937.5
804 29 655.5 963.5
816 29 644.0 959.5
828 29 628.0 952.5
840 29 611.0 948.5
852 29 596.5 945.0
864 29 585.0 948.5
876 29 573.5 956.0
888 29 562.0 963.5
900 29 554.0 963.5
672 74 1080.5 818.5
684 74 1046.5 818.5
696 74 1013.5 818.5
708 74 980.5 818.5
720 74 946.0 818.5
732 74 913.0 818.5
744 74 888.5 818.5
756 74 881.5 818.5
768 74 873.5 818.5
780 74 867.0 818.5
792 74 860.5 818.5
804 74 852.0 814.5
816 74 845.5 814.5
828 74 839.0 814.5
840 74 830.5 814.5
852 74 824.5 811.5
864 74 816.0 811.5
876 74 809.5 811.5
888 74 802.5 811.5
900 74 798.0 811.5
684 10 449.5 950.5
696 10 449.5 957.5
708 10 449.5 961.5
720 10 442.5 965.5
732 10 434.5 965.5
744 10 426.5 965.5
756 10 418.0 968.5
768 10 421.5 968.5
780 10 426.5 972.5
792 10 431.0 972.5
804 10 446.0 990.5
816 10 456.0 994.5
828 10 459.0 983.5
840 10 460.5 972.5
852 10 462.5 961.5
864 10 464.0 950.5
876 10 477.5 946.5
888 10 482.0 950.5
900 10 487.0 965.5
912 10 495.5 961.5
684 17 482.0 974.5
696 17 480.5 978.0
708 17 477.0 978.0
720 17 469.0 981.5
732 17 457.5 981.5
744 17 446.0 981.5
756 17 434.0 981.5
768 17 441.0 981.5
780 17 448.0 981.5
792 17 456.0 981.5
804 17 462.0 981.5
816 17 467.0 981.5
828 17 474.0 978.0
840 17 479.0 978.0
852 17 485.0 974.5
864 17 490.0 974.5
876 17 497.0 970.5
888 17 504.0 970.5
900 17 510.0 963.5
912 17 518.0 959.5
684 40 453.0 983.5
696 40 451.0 991.0
708 40 451.0 994.5
720 40 444.0 998.0
732 40 436.0 998.0
744 40 428.0 998.0
756 40 421.0 1002.0
768 40 425.0 1005.5
780 40 428.0 1009.0
792 40 431.0 1013.0
804 40 444.0 1013.0
816 40 456.0 1009.0
828 40 461.5 1005.5
840 40 468.5 1002.0
852 40 474.5 998.0
864 40 480.5 996.0
876 40 475.0 994.5
888 40 487.0 987.0
900 40 485.0 998.0
912 40 494.0 991.0
684 43 483.5 1016.5
696 43 480.5 1016.5
708 43 475.5 1016.5
720 43 469.0 1013.0
732 43 459.0 1013.0
744 43 449.5 1009.0
756 43 440.0 1009.0
768 43 443.5 1009.0
780 43 448.5 1013.0
792 43 452.5 1013.0
804 43 459.0 1013.0
816 43 465.5 1009.0
828 43 472.5 1009.0
840 43 479.0 1005.5
852 43 485.5 1002.0
864 43 492.0 998.0
876 43 498.5 998.0
888 43 507.0 1009.0
900 43 513.5 1002.0
912 43 521.5 998.0
696 24 237.0 1623.0
708 24 217.0 1601.0
720 24 198.0 1579.0
732 24 176.0 1557.0
744 24 156.5 1535.0
756 24 142.0 1520.5
768 24 138.5 1520.5
780 24 133.5 1516.5
792 24 122.0 1498.5
804 24 112.0 1480.0
816 24 112.0 1476.5
828 24 114.0 1472.5
840 24 114.0 1469.0
852 24 115.5 1465.5
864 24 115.5 1461.5
876 24 117.0 1458.0
888 24 119.0 1458.0
900 24 112.0 1447.0
912 24 107.0 1439.5
924 24 101.0 1432.5
696 70 767.5 857.0
708 70 757.5 857.0
720 70 746.0 857.0
732 70 733.0 857.0
744 70 723.0 857.0
756 70 718.0 857.0
768 70 713.0 857.0
780 70 709.0 857.0
792 70 709.0 857.0
804 70 710.5 857.0
816 70 714.0 857.0
828 70 717.5 857.0
840 70 720.5 857.0
852 70 722.5 857.0
864 70 725.5 857.0
876 70 728.5 857.0
888 70 732.0 857.0
900 70 737.0 857.0
912 70 743.5 857.0
924 70 750.5 857.0
768 0 951.5 936.0
780 0 941.0 939.5
792 0 936.0 947.0
804 0 929.5 954.0
816 0 914.5 958.0
828 0 871.5 950.5
840 0 857.5 954.0
852 0 862.0 965.0
864 0 867.0 972.5
876 0 863.5 980.0
888 0 853.5 987.0
900 0 847.5 991.0
912 0 847.5 991.0
924 0 847.5 991.0
936 0 842.5 1002.0
948 0 839.0 1016.5
960 0 834.5 1027.5
972 0 824.5 1035.0
984 0 816.0 1042.0
996 0 829.5 1053.0
780 21 25.0 695.5
792 21 25.0 664.5
804 21 26.5 653.5
816 21 28.5 642.5
828 21 29.5 627.5
840 21 31.5 617.0
852 21 34.5 602.5
864 21 36.5 591.5
876 21 38.5 576.5
888 21 38.5 565.5
900 21 38.5 554.5
912 21 36.5 543.5
924 21 36.5 529.5
936 21 36.5 510.5
948 21 36.5 496.5
960 21 38.5 477.5
972 21 38.5 459.5
984 21 38.5 444.5
996 21 38.5 426.5
1008 21 39.0 410.0
792 4 786.0 1011.0
804 4 800.0 1015.0
816 4 803.0 1015.0
828 4 801.0 1011.0
840 4 800.0 1004.0
852 4 798.0 1000.0
864 4 798.0 996.0
876 4 801.0 989.0
888 4 803.5 983.5
900 4 807.0 978.0
912 4 810.0 972.5
924 4 812.5 965.0
936 4 816.0 961.5
948 4 820.0 961.5
960 4 825.0 961.5
972 4 829.0 961.5
984 4 836.5 963.5
996 4 851.0 965.5
1008 4 870.5 967.0
1020 4 919.5 978.0
792 14 704.5 881.0
804 14 699.5 873.5
816 14 692.5 870.0
828 14 686.0 866.0
840 14 681.5 862.5
852 14 674.5 855.0
864 14 664.5 848.0
876 14 651.5 848.0
888 14 645.0 851.5
900 14 631.5 848.0
912 14 613.5 844.0
924 14 605.5 844.0
936 14 603.5 848.0
948 14 602.5 848.0
960 14 600.5 851.5
972 14 600.5 855.0
984 14 599.0 859.0
996 14 597.5 859.0
1008 14 605.5 864.5
1020 14 617.0 871.5
792 28 74.0 393.5
804 28 71.0 382.5
816 28 66.0 368.0
828 28 63.0 357.0
840 28 58.0 346.0
852 28 55.0 335.0
864 28 50.0 324.0
876 28 46.0 313.0
888 28 43.0 302.0
900 28 43.0 283.5
912 28 43.0 269.0
924 28 43.0 254.0
936 28 43.0 239.5
948 28 43.0 225.0
960 28 43.0 210.0
972 28 43.0 195.5
984 28 43.0 181.0
996 28 43.0 166.0
1008 28 40.5 142.5
1020 28 39.5 117.0
792 33 594.0 897.5
804 33 587.5 893.5
816 33 580.5 893.5
828 33 572.5 890.0
840 33 566.0 890.0
852 33 559.5 886.5
864 33 552.5 886.5
876 33 546.5 882.5
888 33 538.0 882.5
900 33 534.5 882.5
912 33 531.5 882.5
924 33 528.5 882.5
936 33 526.5 882.5
948 33 523.5 882.5
960 33 521.5 882.5
972 33 518.5 882.5
984 33 516.5 882.5
996 33 513.5 882.5
1008 33 513.5 884.5
1020 33 515.0 890.0
792 37 581.5 945.0
804 37 573.5 941.5
816 37 567.0 937.5
828 37 558.5 937.5
840 37 552.0 934.0
852 37 544.0 934.0
864 37 537.0 930.5
876 37 529.0 926.5
888 37 521.0 926.5
900 37 517.5 926.5
912 37 516.0 926.5
924 37 514.0 926.5
936 37 514.0 926.5
948 37 512.5 926.5
960 37 511.0 926.5
972 37 509.0 926.5
984 37 509.0 926.5
996 37 507.5 926.5
1008 37 510.0 921.0
1020 37 515.0 917.5
792 47 393.5 946.5
804 47 385.0 946.5
816 47 373.5 943.5
828 47 359.0 943.5
840 47 347.5 943.5
852 47 339.0 943.5
864 47 331.0 935.5
876 47 315.5 934.0
888 47 313.0 934.0
900 47 304.5 950.5
912 47 298.0 950.5
924 47 289.5 946.5
936 47 283.0 946.5
948 47 276.5 946.5
960 47 266.5 946.5
972 47 255.0 946.5
984 47 245.5 943.5
996 47 237.0 935.5
1008 47 229.0 934.0
1020 47 224.0 934.0
792 51 387.5 981.5
804 51 381.0 981.5
816 51 371.0 978.0
828 51 358.0 978.0
840 51 348.0 978.0
852 51 344.0 981.5
864 51 323.0 981.5
876 51 317.5 972.5
888 51 311.0 961.5
900 51 301.5 961.5
912 51 293.0 969.0
924 51 284.5 976.0
936 51 278.5 976.0
948 51 270.0 978.0
960 51 266.5 978.0
972 51 257.0 981.5
984 51 245.5 978.0
996 51 237.0 978.0
1008 51 230.0 974.5
1020 51 225.0 976.5