60 15 1096.5 85.5
72 15 1098.0 100.0
84 15 1101.5 118.5
96 15 1105.5 140.5
108 15 1107.0 159.0
120 15 1110.5 177.0
132 15 1114.0 195.5
144 15 1114.0 203.0
156 15 1114.0 214.0
168 15 1115.5 225.0
180 15 1115.5 232.0
192 15 1117.5 243.0
204 15 1117.5 254.0
216 15 1119.5 261.5
228 15 1119.5 272.5
240 15 1121.5 283.5
252 15 1121.5 291.0
264 15 1121.5 305.5
276 15 1121.5 325.5
288 15 1119.5 344.0
60 39 1103.0 816.5
72 39 1103.0 816.5
84 39 1104.0 816.5
96 39 1105.0 816.5
108 39 1106.0 816.5
120 39 1107.0 816.5
132 39 1108.0 816.5
144 39 1109.0 816.5
156 39 1109.5 816.5
168 39 1109.5 816.5
180 39 1111.5 813.0
192 39 1111.5 813.0
204 39 1111.5 813.0
216 39 1111.5 813.0
228 39 1111.5 813.0
240 39 1111.5 813.0
252 39 1111.5 813.0
264 39 1111.5 813.0
276 39 1113.0 813.0
288 39 1113.0 813.0
72 30 1033.5 1044.0
84 30 1042.5 1044.0
96 30 1051.5 1042.0
108 30 1061.5 1042.0
120 30 1070.5 1038.5
132 30 1079.5 1038.5
144 30 1088.5 1036.5
156 30 1097.5 1036.5
168 30 1107.5 1033.0
180 30 1118.5 1033.0
192 30 1129.5 1033.0
204 30 1140.0 1029.5
216 30 1150.5 1029.5
228 30 1161.5 1029.5
240 30 1173.5 1029.5
252 30 1186.5 1029.5
264 30 1197.0 1029.5
276 30 1209.5 1029.5
288 30 1220.5 1029.5
300 30 1230.5 1025.5
72 31 999.0 996.0
84 31 1008.0 996.0
96 31 1017.0 996.0
108 31 1025.5 996.0
120 31 1034.5 996.0
132 31 1043.5 996.0
144 31 1052.5 996.0
156 31 1061.5 996.0
168 31 1072.5 993.0
180 31 1083.0 993.0
192 31 1095.5 993.0
204 31 1106.0 989.0
216 31 1118.5 989.0
228 31 1129.5 989.0
240 31 1140.0 985.0
252 31 1148.5 985.0
264 31 1157.5 985.0
276 31 1166.5 985.0
288 31 1175.5 985.0
300 31 1186.5 982.0
72 32 1001.5 1027.5
84 32 1010.5 1027.5
96 32 1019.5 1027.5
108 32 1028.5 1027.5
120 32 1037.5 1024.0
132 32 1046.5 1024.0
144 32 1055.5 1024.0
156 32 1064.5 1024.0
168 32 1074.5 1020.0
180 32 1085.5 1020.0
192 32 1096.5 1016.5
204 32 1106.5 1016.5
216 32 1117.5 1013.0
228 32 1128.5 1013.0
240 32 1139.5 1013.0
252 32 1147.5 1013.0
264 32 1158.5 1013.0
276 32 1167.5 1013.0
288 32 1178.5 1013.0
300 32 1189.0 1009.0
72 55 1152.5 943.5
84 55 1145.0 943.5
96 55 1138.0 943.5
108 55 1131.0 941.5
120 55 1124.0 939.5
132 55 1117.0 937.5
144 55 1109.5 937.5
156 55 1102.5 937.5
168 55 1093.5 934.0
180 55 1085.0 934.0
192 55 1076.0 934.0
204 55 1067.0 934.0
216 55 1058.0 934.0
228 55 1049.0 934.0
240 55 1042.0 930.5
252 55 1035.0 930.5
264 55 1027.5 930.5
276 55 1020.5 930.5
288 55 1013.0 930.5
300 55 1007.0 930.5
72 57 1160.5 906.5
84 57 1153.0 906.5
96 57 1146.0 906.5
108 57 1141.0 902.5
120 57 1134.0 902.5
132 57 1128.0 899.5
144 57 1121.0 899.5
156 57 1114.0 899.5
168 57 1107.0 895.5
180 57 1098.0 895.5
192 57 1091.0 891.5
204 57 1082.0 891.5
216 57 1075.0 888.5
228 57 1066.0 888.5
240 57 1059.0 884.5
252 57 1050.0 884.5
264 57 1043.0 884.5
276 57 1036.0 884.5
288 57 1028.5 884.5
300 57 1020.0 884.5
72 67 1028.5 1013.0
84 67 1037.5 1013.0
96 67 1046.5 1011.0
108 67 1055.5 1009.0
120 67 1064.0 1007.5
132 67 1071.5 1005.5
144 67 1080.0 1003.5
156 67 1089.0 1003.5
168 67 1100.0 1000.0
180 67 1112.5 996.5
192 67 1123.0 992.5
204 67 1135.5 989.0
216 67 1148.0 989.0
228 67 1158.5 985.5
240 67 1169.5 985.5
252 67 1180.0 985.5
264 67 1191.0 985.5
276 67 1201.5 985.5
288 67 1212.0 985.5
300 67 1223.0 985.5
84 63 1020.5 888.0
96 63 1020.5 899.0
108 63 1020.5 910.0
120 63 1020.5 919.0
132 63 1020.5 928.5
144 63 1020.5 938.0
156 63 1020.5 949.0
168 63 1020.5 963.0
180 63 1020.5 978.0
192 63 1024.0 982.0
204 63 1027.5 989.0
216 63 1033.0 996.0
228 63 1036.5 1004.0
240 63 1042.0 1011.0
252 63 1045.5 1015.0
264 63 1049.0 1022.0
276 63 1052.5 1033.0
288 63 1056.0 1044.0
300 63 1060.0 1051.0
312 63 1061.5 1062.0
96 6 617.5 1349.5
108 6 604.0 1329.5
120 6 595.0 1329.5
132 6 588.0 1326.0
144 6 581.0 1326.0
156 6 575.5 1322.5
168 6 575.5 1322.5
180 6 574.0 1322.5
192 6 574.0 1322.5
204 6 572.0 1322.5
216 6 572.0 1322.5
228 6 570.0 1322.5
240 6 570.0 1322.5
252 6 570.0 1322.5
264 6 568.5 1322.5
276 6 568.5 1322.5
288 6 566.5 1322.5
300 6 566.5 1322.5
312 6 565.0 1322.5
324 6 565.0 1322.5
108 41 687.5 1326.0
120 41 676.5 1326.0
132 41 670.5 1329.5
144 41 663.5 1329.5
156 41 660.5 1329.5
168 41 660.5 1329.5
180 41 660.5 1329.5
192 41 658.5 1329.5
204 41 658.5 1329.5
216 41 658.5 1329.5
228 41 656.5 1329.5
240 41 656.5 1329.5
252 41 656.5 1326.0
264 41 656.5 1326.0
276 41 654.5 1326.0
288 41 654.5 1326.0
300 41 654.5 1326.0
312 41 653.5 1326.0
324 41 653.5 1326.0
336 41 653.5 1326.0
120 24 313.0 1038.5
132 24 319.0 1035.0
144 24 326.0 1031.0
156 24 331.0 1031.0
168 24 338.0 1027.5
180 24 345.5 1027.5
192 24 351.0 1024.0
204 24 358.0 1024.0
216 24 367.0 1024.0
228 24 374.0 1024.0
240 24 381.0 1020.0
252 24 388.0 1020.0
264 24 395.0 1020.0
276 24 404.0 1020.0
288 24 411.5 1016.5
300 24 419.0 1016.5
312 24 426.0 1016.5
324 24 433.0 1016.5
336 24 442.0 1013.0
348 24 449.0 1013.0
120 27 316.0 1068.0
132 27 321.5 1064.0
144 27 326.5 1060.5
156 27 332.5 1057.0
168 27 338.5 1057.0
180 27 343.5 1053.0
192 27 349.5 1049.5
204 27 357.5 1049.5
216 27 365.5 1049.5
228 27 372.5 1049.5
240 27 379.5 1046.0
252 27 388.5 1046.0
264 27 395.5 1046.0
276 27 402.5 1046.0
288 27 411.5 1042.0
300 27 418.5 1042.0
312 27 425.5 1042.0
324 27 432.5 1042.0
336 27 441.5 1038.5
348 27 448.5 1038.5
120 48 804.0 1212.5
132 48 800.0 1194.0
144 48 798.5 1179.5
156 48 795.0 1161.0
168 48 793.0 1146.5
180 48 791.0 1128.5
192 48 788.0 1113.5
204 48 786.0 1099.0
216 48 784.0 1088.0
228 48 782.5 1077.0
240 48 780.5 1066.0
252 48 779.0 1055.0
264 48 777.0 1044.0
276 48 775.0 1033.0
288 48 773.5 1022.0
300 48 773.5 1014.5
312 48 770.0 1000.0
324 48 766.5 985.5
336 48 763.0 970.5
348 48 759.0 959.5
120 49 581.5 947.0
132 49 589.0 939.5
144 49 598.0 936.0
156 49 605.0 932.0
168 49 614.0 928.5
180 49 624.5 928.5
192 49 637.0 928.5
204 49 647.5 928.5
216 49 660.5 932.0
228 49 671.0 932.0
240 49 683.5 932.0
252 49 694.0 936.0
264 49 703.0 936.0
276 49 713.5 938.0
288 49 722.5 938.0
300 49 728.0 934.0
312 49 733.5 927.0
324 49 738.5 919.0
336 49 747.5 919.0
348 49 756.5 916.0
120 68 324.5 1084.0
132 68 329.5 1084.0
144 68 334.5 1084.0
156 68 340.5 1084.0
168 68 345.5 1084.0
180 68 350.5 1084.0
192 68 356.5 1081.0
204 68 365.5 1081.0
216 68 372.5 1081.0
228 68 379.5 1077.0
240 68 388.5 1077.0
252 68 395.5 1073.0
264 68 402.5 1073.0
276 68 411.5 1070.0
288 68 418.5 1070.0
300 68 427.5 1070.0
312 68 434.5 1066.0
324 68 441.5 1066.0
336 68 450.5 1062.0
348 68 457.5 1062.0
144 21 125.0 1062.5
156 21 138.0 1062.5
168 21 150.0 1060.5
180 21 161.0 1058.5
192 21 173.0 1055.0
204 21 186.0 1055.0
216 21 197.5 1055.0
228 21 209.0 1055.0
240 21 221.5 1051.5
252 21 233.0 1051.5
264 21 246.0 1051.5
276 21 258.0 1051.5
288 21 269.0 1047.5
300 21 281.0 1047.5
312 21 294.0 1047.5
324 21 306.0 1047.5
336 21 317.0 1047.5
348 21 329.0 1047.5
360 21 342.0 1047.5
372 21 353.0 1047.5
180 53 1015.5 1294.5
192 53 1018.5 1302.5
204 53 1024.5 1313.5
216 53 1029.5 1324.5
228 53 1034.5 1331.5
240 53 1040.5 1342.5
252 53 1045.5 1353.5
264 53 1050.5 1360.5
276 53 1056.5 1371.5
288 53 1061.5 1382.5
300 53 1066.5 1390.5
312 53 1072.5 1401.5
324 53 1077.5 1412.5
336 53 1082.5 1419.5
348 53 1088.5 1430.5
360 53 1093.5 1441.5
372 53 1098.5 1448.5
384 53 1104.5 1459.5
396 53 1109.5 1470.5
408 53 1114.5 1481.5
216 45 882.5 1399.5
228 45 873.5 1388.5
240 45 864.5 1377.5
252 45 855.5 1366.5
264 45 850.5 1359.0
276 45 844.5 1351.5
288 45 839.5 1344.5
300 45 834.0 1337.0
312 45 828.5 1329.5
324 45 821.5 1322.5
336 45 814.5 1311.5
348 45 807.5 1300.5
360 45 800.5 1293.0
372 45 796.5 1278.5
384 45 794.5 1267.5
396 45 793.0 1252.5
408 45 787.5 1241.5
420 45 778.5 1234.5
432 45 770.0 1223.5
444 45 761.0 1216.0
228 12 32.5 1007.0
240 12 32.5 1007.0
252 12 48.5 1011.0
264 12 64.5 1015.0
276 12 71.5 1015.0
288 12 78.5 1011.0
300 12 86.0 1007.0
312 12 93.5 1004.0
324 12 102.0 1004.0
336 12 109.5 1000.0
348 12 116.5 996.0
360 12 123.5 996.0
372 12 141.5 996.0
384 12 160.0 996.0
396 12 168.5 996.0
408 12 161.5 989.0
420 12 167.5 982.0
432 12 175.5 974.0
444 12 184.0 974.0
456 12 194.5 974.0
228 50 24.5 997.5
240 50 32.0 981.5
252 50 42.0 981.5
264 50 53.0 981.5
276 50 65.5 981.5
288 50 76.0 978.0
300 50 87.0 978.0
312 50 98.0 978.0
324 50 108.0 978.0
336 50 119.0 978.0
348 50 130.0 974.5
360 50 142.0 974.5
372 50 153.0 974.5
384 50 164.0 974.5
396 50 169.0 970.5
408 50 164.0 963.5
420 50 167.0 959.5
432 50 174.0 956.0
444 50 181.0 952.5
456 50 190.0 948.5
276 59 1268.5 935.0
288 59 1254.0 914.0
300 59 1243.5 910.0
312 59 1231.0 903.0
324 59 1220.0 899.0
336 59 1209.5 899.0
348 59 1199.0 899.0
360 59 1186.5 899.0
372 59 1175.5 899.0
384 59 1165.0 897.0
396 59 1152.5 894.0
408 59 1138.0 890.0
420 59 1125.5 890.0
432 59 1111.5 890.0
444 59 1098.0 890.0
456 59 1083.5 890.0
468 59 1069.5 888.0
480 59 1054.5 884.5
492 59 1048.0 883.0
504 59 1037.0 881.0
276 61 813.5 122.5
288 61 806.5 111.5
300 61 801.5 103.5
312 61 794.0 92.5
324 61 788.5 87.5
336 61 781.5 80.0
348 61 774.5 72.5
360 61 776.53 75.36
372 61 778.96 78.79
384 61 781.39 82.23
396 61 783.83 85.66
408 61 786.26 89.09
420 61 788.69 92.53
432 61 791.13 95.96
444 61 793.56 99.39
456 61 795.99 102.83
468 61 798.43 106.26
480 61 800.86 109.69
492 61 803.29 113.13
504 61 805.73 116.56
300 16 1117.5 358.5
312 16 1117.5 369.5
324 16 1117.5 384.5
336 16 1117.5 395.5
348 16 1117.5 406.5
360 16 1117.5 417.5
372 16 1117.5 432.0
384 16 1117.5 443.0
396 16 1117.5 454.0
408 16 1117.5 465.0
420 16 1117.5 479.5
432 16 1117.5 490.5
444 16 1117.5 501.5
456 16 1117.5 516.5
468 16 1117.5 527.5
480 16 1117.5 538.5
492 16 1117.5 549.0
504 16 1116.5 562.0
516 16 1117.5 569.5
528 16 1118.0 578.5
300 40 1113.0 813.0
312 40 1113.0 813.0
324 40 1113.0 813.0
336 40 1113.0 813.0
348 40 1113.0 813.0
360 40 1113.0 813.0
372 40 1113.0 813.0
384 40 1113.0 809.5
396 40 1111.5 802.0
408 40 1109.5 798.5
420 40 1108.0 791.0
432 40 1105.0 787.5
444 40 1105.0 787.5
456 40 1105.0 791.0
468 40 1103.0 791.0
480 40 1103.0 791.0
492 40 1102.0 787.5
504 40 1102.0 783.5
516 40 1102.0 783.5
528 40 1102.0 783.5
312 56 1000.0 930.5
324 56 991.0 926.5
336 56 982.0 926.5
348 56 973.0 923.0
360 56 964.0 919.5
372 56 955.0 919.5
384 56 945.0 915.5
396 56 936.0 912.0
408 56 927.0 912.0
420 56 918.0 908.5
432 56 909.0 904.5
444 56 902.0 901.0
456 56 893.0 897.5
468 56 884.0 897.5
480 56 875.0 893.5
492 56 866.0 890.0
504 56 858.0 882.5
516 56 853.0 873.5
528 56 848.5 864.0
540 56 843.5 855.0
312 58 1012.0 884.5
324 58 1003.5 880.5
336 58 995.0 880.5
348 58 986.0 880.5
360 58 977.0 877.5
372 58 968.0 877.5
384 58 959.0 873.5
396 58 950.0 873.5
408 58 941.0 873.5
420 58 932.0 869.5
432 58 925.0 866.5
444 58 916.0 862.5
456 58 907.0 858.5
468 58 900.0 857.0
480 58 891.0 853.5
492 58 882.0 849.5
504 58 875.0 846.0
516 58 871.0 842.5
528 58 867.0 837.0
540 58 862.5 833.0
324 64 1065.0 1070.0
336 64 1067.0 1077.0
348 64 1068.5 1084.0
360 64 1070.5 1092.0
372 64 1072.0 1099.0
384 64 1074.0 1106.0
396 64 1074.0 1110.0
408 64 1074.0 1110.0
420 64 1072.0 1110.0
432 64 1072.0 1110.0
444 64 1070.5 1110.0
456 64 1070.5 1106.0
468 64 1068.5 1106.0
480 64 1067.0 1106.0
492 64 1067.0 1106.0
504 64 1067.0 1103.0
516 64 1067.0 1103.0
528 64 1067.0 1103.0
540 64 1067.0 1103.0
552 64 1067.0 1103.0
336 7 566.5 1322.5
348 7 572.0 1322.5
360 7 577.0 1322.5
372 7 582.5 1322.5
384 7 579.0 1322.5
396 7 563.0 1311.5
408 7 546.0 1302.5
420 7 544.0 1302.5
432 7 544.0 1302.5
444 7 544.0 1302.5
456 7 544.0 1302.5
468 7 544.0 1302.5
480 7 544.0 1302.5
492 7 544.0 1302.5
504 7 544.0 1298.5
516 7 550.0 1298.5
528 7 553.0 1298.5
540 7 557.0 1298.5
552 7 561.0 1298.5
564 7 566.0 1298.5
348 42 653.5 1322.5
360 42 654.5 1318.5
372 42 658.5 1318.5
384 42 660.5 1315.0
396 42 654.5 1311.5
408 42 640.5 1307.5
420 42 626.5 1304.0
432 42 624.5 1304.0
444 42 622.5 1304.0
456 42 621.0 1304.0
468 42 619.5 1304.0
480 42 619.5 1307.5
492 42 619.5 1307.5
504 42 619.5 1306.0
516 42 623.5 1306.0
528 42 628.5 1306.0
540 42 631.5 1306.0
552 42 635.5 1304.0
564 42 639.5 1304.0
576 42 643.5 1304.0
360 25 458.0 1013.0
372 25 466.0 1009.0
384 25 474.0 1009.0
396 25 482.0 1009.0
408 25 491.0 1005.5
420 25 498.0 1005.5
432 25 507.0 1005.5
444 25 515.0 1002.0
456 25 523.0 1002.0
468 25 531.0 998.0
480 25 540.0 998.0
492 25 547.0 998.0
504 25 556.5 994.5
516 25 567.5 994.5
528 25 578.5 993.0
540 25 589.0 991.0
552 25 599.5 989.0
564 25 610.5 989.0
576 25 621.0 985.0
588 25 631.5 985.0
360 28 457.5 1038.5
372 28 464.5 1035.0
384 28 473.5 1035.0
396 28 481.0 1035.0
408 28 488.5 1031.0
420 28 497.5 1031.0
432 28 504.5 1031.0
444 28 513.5 1027.5
456 28 520.5 1027.5
468 28 529.5 1024.0
480 28 536.5 1024.0
492 28 545.5 1024.0
504 28 553.5 1020.0
516 28 564.0 1020.0
528 28 574.5 1016.5
540 28 585.5 1016.5
552 28 596.0 1014.5
564 28 607.5 1011.0
576 28 618.5 1011.0
588 28 629.0 1007.5
360 62 983.5 487.5
372 62 980.5 472.5
384 62 978.5 457.5
396 62 977.0 446.5
408 62 975.0 435.5
420 62 975.0 424.5
432 62 975.0 413.5
444 62 975.0 399.0
456 62 975.0 388.0
468 62 975.0 377.0
480 62 975.0 366.0
492 62 975.0 355.0
504 62 975.0 340.5
516 62 975.0 329.5
528 62 976.0 316.5
540 62 977.0 305.5
552 62 978.0 292.5
564 62 979.0 280.0
576 62 979.0 267.0
588 62 979.5 254.0
360 69 466.5 1059.0
372 69 473.5 1059.0
384 69 482.5 1059.0
396 69 489.5 1055.0
408 69 497.5 1055.0
420 69 505.5 1051.0
432 69 513.5 1051.0
444 69 522.5 1048.0
456 69 529.5 1048.0
468 69 538.5 1048.0
480 69 545.5 1044.0
492 69 554.5 1044.0
504 69 561.5 1040.0
516 69 571.5 1040.0
528 69 582.5 1038.5
540 69 593.5 1038.5
552 69 603.5 1037.0
564 69 612.5 1035.0
576 69 623.5 1035.0
588 69 633.5 1031.0
384 22 363.0 1044.0
396 22 369.0 1040.5
408 22 374.0 1033.0
420 22 378.0 1025.5
432 22 383.0 1022.0
444 22 388.0 1014.5
456 22 395.0 1011.0
468 22 408.0 1011.0
480 22 420.0 1011.0
492 22 433.0 1011.0
504 22 445.0 1011.0
516 22 458.0 1011.0
528 22 470.0 1011.0
540 22 483.0 1011.0
552 22 495.0 1011.0
564 22 508.0 1011.0
576 22 520.0 1011.0
588 22 533.0 1011.0
600 22 545.0 1011.0
612 22 558.0 1011.0
420 54 1118.5 1492.5
432 54 1123.5 1503.5
444 54 1129.5 1514.5
456 54 1134.5 1525.5
468 54 1138.5 1536.5
480 54 1143.5 1547.5
492 54 1148.5 1558.5
504 54 1156.0 1562.5
516 54 1164.0 1571.5
528 54 1172.0 1581.0
540 54 1181.0 1590.0
552 54 1189.0 1599.0
564 54 1197.0 1606.5
576 54 1205.0 1616.0
588 54 1214.0 1625.0
600 54 1222.0 1632.0
612 54 1230.0 1641.5
624 54 1238.0 1648.5
636 54 1247.0 1659.5
648 54 1254.5 1668.5
456 46 752.0 1205.0
468 46 741.5 1198.0
480 46 730.5 1190.5
492 46 720.0 1179.5
504 46 707.5 1172.0
516 46 696.5 1168.5
528 46 686.0 1165.0
540 46 674.5 1161.0
552 46 664.0 1157.5
564 46 653.0 1154.0
576 46 640.5 1150.5
588 46 630.0 1146.5
600 46 619.0 1143.0
612 46 607.5 1139.5
624 46 597.0 1135.5
636 46 586.0 1132.0
648 46 579.0 1128.5
660 46 575.5 1124.5
672 46 572.0 1124.5
684 46 568.5 1121.0
468 13 203.5 974.0
480 13 214.5 974.0
492 13 223.5 972.5
504 13 234.0 971.0
516 13 244.5 971.0
528 13 255.5 971.0
540 13 266.5 971.0
552 13 277.5 971.0
564 13 288.5 969.0
576 13 300.0 969.0
588 13 310.5 969.0
600 13 322.5 969.0
612 13 333.0 967.0
624 13 347.5 967.0
636 13 359.5 967.0
648 13 374.0 967.0
660 13 386.5 967.0
672 13 400.5 967.0
684 13 413.5 967.0
696 13 427.5 967.0
468 51 200.0 948.5
480 51 211.0 946.5
492 51 221.5 946.5
504 51 232.0 946.5
516 51 243.0 946.5
528 51 254.5 946.5
540 51 265.0 946.5
552 51 276.5 946.5
564 51 287.5 948.5
576 51 299.5 948.5
588 51 309.5 948.5
600 51 321.5 948.5
612 51 332.5 952.5
624 51 346.5 952.5
636 51 360.5 952.5
648 51 374.0 952.5
660 51 387.5 956.0
672 51 401.5 956.0
684 51 415.5 956.0
696 51 429.5 956.0
516 60 1021.5 881.0
528 60 1008.5 881.0
540 60 996.5 881.0
552 60 983.0 877.0
564 60 972.5 877.0
576 60 961.5 875.0
588 60 950.5 873.5
600 60 939.5 872.0
612 60 928.5 868.0
624 60 917.5 868.0
636 60 907.5 866.0
648 60 896.5 864.0
660 60 885.5 862.5
672 60 875.5 862.5
684 60 868.0 862.5
696 60 862.5 864.0
708 60 857.5 866.0
720 60 851.5 866.0
732 60 844.5 866.0
744 60 839.5 864.0
540 17 1117.5 586.0
552 17 1116.5 596.5
564 17 1113.5 607.5
576 17 1107.5 618.5
588 17 1102.5 629.5
600 17 1097.5 637.0
612 17 1088.5 644.5
624 17 1077.5 651.5
636 17 1068.5 659.0
648 17 1059.5 666.5
660 17 1052.5 677.5
672 17 1047.5 692.0
684 17 1040.0 703.0
696 17 1034.5 717.5
708 17 1028.5 728.5
720 17 1021.5 743.5
732 17 1014.5 758.0
744 17 1007.5 769.0
756 17 1005.5 783.5
768 17 1002.5 794.5
564 65 1067.0 1101.0
576 65 1067.0 1101.0
588 65 1067.0 1101.0
600 65 1068.5 1099.0
612 65 1068.5 1097.0
624 65 1068.5 1097.0
636 65 1068.5 1097.0
648 65 1068.5 1097.0
660 65 1068.5 1097.0
672 65 1068.5 1095.5
684 65 1068.5 1095.5
696 65 1070.5 1093.5
708 65 1070.5 1093.5
720 65 1070.5 1091.5
732 65 1070.5 1091.5
744 65 1070.5 1091.5
756 65 1070.5 1091.5
768 65 1070.5 1089.5
780 65 1070.5 1089.5
792 65 1072.0 1088.0
576 8 569.0 1298.5
588 8 574.0 1298.5
600 8 578.0 1298.5
612 8 582.0 1298.5
624 8 586.0 1296.5
636 8 591.0 1296.5
648 8 594.0 1296.5
660 8 599.0 1296.5
672 8 602.0 1296.5
684 8 607.5 1296.5
696 8 611.0 1296.5
708 8 615.0 1296.5
720 8 620.0 1296.5
732 8 624.0 1296.5
744 8 629.0 1296.5
756 8 636.0 1296.5
768 8 645.0 1296.5
780 8 647.0 1296.5
792 8 648.5 1296.5
804 8 650.5 1296.5
588 43 646.5 1302.0
600 43 650.5 1302.0
612 43 655.5 1302.0
624 43 659.5 1300.5
636 43 663.0 1300.5
648 43 666.5 1300.5
660 43 671.0 1300.5
672 43 674.5 1298.5
684 43 678.0 1298.5
696 43 682.5 1298.5
708 43 687.0 1296.5
720 43 690.5 1296.5
732 43 694.0 1296.5
744 43 699.5 1295.0
756 43 706.5 1295.0
768 43 715.5 1295.0
780 43 717.5 1293.0
792 43 719.0 1293.0
804 43 719.0 1293.0
816 43 721.0 1293.0
600 26 642.5 982.0
612 26 653.0 982.0
624 26 664.0 980.0
636 26 674.5 978.0
648 26 685.0 976.0
660 26 697.0 976.0
672 26 709.0 980.0
684 26 722.0 987.0
696 26 738.0 993.0
708 26 759.0 1000.0
720 26 781.0 1009.0
732 26 791.0 1009.0
744 26 802.0 1009.0
756 26 813.0 1011.0
768 26 823.0 1011.0
780 26 836.0 1014.5
792 26 847.0 1011.0
804 26 857.0 1007.5
816 26 868.0 1007.5
828 26 879.0 1003.5
600 29 639.5 1007.5
612 29 651.5 1003.5
624 29 662.0 1001.5
636 29 673.0 1000.0
648 29 683.5 998.5
660 29 695.0 998.5
672 29 706.0 1001.5
684 29 718.0 1009.5
696 29 735.0 1016.5
708 29 756.5 1023.5
720 29 779.0 1031.5
732 29 789.5 1031.5
744 29 801.5 1031.5
756 29 813.5 1034.5
768 29 825.5 1034.5
780 29 837.5 1038.5
792 29 848.5 1034.5
804 29 859.5 1031.5
816 29 869.5 1027.5
828 29 880.5 1023.5
600 70 644.5 1031.0
612 70 654.0 1029.5
624 70 663.5 1027.5
636 70 674.5 1025.5
648 70 685.5 1025.5
660 70 696.0 1025.5
672 70 708.5 1031.0
684 70 720.5 1038.5
696 70 738.5 1044.0
708 70 760.0 1048.0
720 70 781.5 1051.0
732 70 792.5 1051.0
744 70 803.0 1051.0
756 70 813.5 1055.0
768 70 824.5 1055.0
780 70 836.5 1059.0
792 70 847.5 1055.0
804 70 858.5 1053.0
816 70 869.0 1049.5
828 70 879.5 1047.5
624 23 570.0 1011.0
636 23 583.0 1011.0
648 23 595.0 1011.0
660 23 608.0 1011.0
672 23 621.0 1014.5
684 23 642.5 1018.5
696 23 664.5 1022.0
708 23 686.0 1025.5
720 23 704.0 1029.5
732 23 721.5 1033.0
744 23 739.0 1036.5
756 23 754.0 1036.5
768 23 765.0 1036.5
780 23 775.0 1033.0
792 23 786.0 1029.5
804 23 797.0 1029.5
816 23 807.0 1025.5
828 23 820.0 1025.5
840 23 830.5 1022.0
852 23 841.0 1018.5
660 11 14.0 908.5
672 11 22.5 910.5
684 11 38.5 913.5
696 11 75.5 924.5
708 11 112.5 935.5
720 11 150.5 945.0
732 11 176.0 945.0
744 11 201.0 945.0
756 11 221.0 941.5
768 11 238.5 941.5
780 11 256.0 937.5
792 11 272.0 937.5
804 11 290.0 934.0
816 11 308.0 934.0
828 11 326.0 934.0
840 11 340.0 930.5
852 11 352.0 926.5
864 11 364.0 926.5
876 11 377.0 923.0
888 11 388.0 923.0
672 19 1267.5 478.0
684 19 1256.5 474.0
696 19 1244.5 467.0
708 19 1233.5 461.5
720 19 1222.5 454.0
732 19 1212.5 446.5
744 19 1201.5 435.5
756 19 1192.5 428.5
768 19 1183.5 417.5
780 19 1172.5 410.0
792 19 1164.5 399.0
804 19 1155.5 388.0
816 19 1149.5 373.5
828 19 1144.5 358.5
840 19 1137.5 344.0
852 19 1131.5 329.5
864 19 1126.5 314.5
876 19 1124.5 300.0
888 19 1124.5 285.5
900 19 1124.5 274.5
672 20 976.0 670.0
684 20 990.5 670.0
696 20 1004.5 670.0
708 20 1018.5 670.0
720 20 1029.5 670.0
732 20 1040.0 670.0
744 20 1050.5 670.0
756 20 1061.5 668.5
768 20 1072.5 668.5
780 20 1083.0 668.5
792 20 1094.5 668.5
804 20 1102.5 657.5
816 20 1111.5 648.0
828 20 1116.5 633.5
840 20 1118.5 618.5
852 20 1121.5 604.5
864 20 1123.0 589.5
876 20 1124.5 574.5
888 20 1124.5 560.5
900 20 1124.5 545.5
696 10 3.0 919.5
708 10 25.5 923.0
720 10 52.5 930.5
732 10 78.5 941.5
744 10 103.5 947.0
756 10 124.5 947.0
768 10 144.0 947.0
780 10 164.5 947.0
792 10 180.5 943.0
804 10 194.0 943.0
816 10 206.5 943.0
828 10 220.5 939.5
840 10 233.0 939.5
852 10 246.5 939.5
864 10 260.5 939.5
876 10 273.5 939.5
888 10 284.0 939.5
900 10 296.5 943.0
912 10 309.0 943.0
924 10 319.5 947.0
696 47 570.0 1117.5
708 47 581.0 1113.5
720 47 591.5 1113.5
732 47 590.0 1106.5
744 47 588.0 1099.0
756 47 586.0 1091.5
768 47 584.5 1084.5
780 47 583.5 1080.5
792 47 575.0 1077.0
804 47 567.5 1073.5
816 47 560.0 1069.5
828 47 553.0 1066.0
840 47 546.0 1062.5
852 47 539.0 1058.5
864 47 530.0 1058.5
876 47 519.0 1058.5
888 47 509.0 1058.5
900 47 498.0 1062.5
912 47 487.0 1062.5
924 47 476.5 1062.5
696 71 1260.5 901.0
708 71 1245.5 904.5
720 71 1230.0 908.5
732 71 1214.5 912.0
744 71 1200.5 915.5
756 71 1184.5 919.5
768 71 1170.5 923.0
780 71 1163.5 923.0
792 71 1154.5 923.0
804 71 1147.0 923.0
816 71 1140.0 923.0
828 71 1131.0 923.0
840 71 1124.0 923.0
852 71 1115.0 923.0
864 71 1107.5 923.0
876 71 1099.0 919.5
888 71 1090.0 919.5
900 71 1081.0 919.5
912 71 1072.5 919.5
924 71 1063.5 919.5
696 72 1257.5 872.0
708 72 1243.5 879.0
720 72 1229.0 883.0
732 72 1215.5 888.0
744 72 1201.5 894.0
756 72 1187.0 899.0
768 72 1173.0 903.0
780 72 1164.0 903.0
792 72 1156.0 901.0
804 72 1147.0 901.0
816 72 1139.0 899.0
828 72 1130.0 895.5
840 72 1122.0 895.5
852 72 1113.5 893.5
864 72 1104.5 893.5
876 72 1095.5 890.0
888 72 1086.5 890.0
900 72 1079.5 890.0
912 72 1070.5 890.0
924 72 1061.5 886.5
708 14 461.5 972.5
720 14 483.5 976.0
732 14 498.0 980.0
744 14 512.5 983.5
756 14 526.5 987.0
768 14 541.5 991.0
780 14 555.5 994.5
792 14 570.5 994.5
804 14 584.5 998.0
816 14 599.5 1002.0
828 14 610.5 1002.0
840 14 619.5 1002.0
852 14 628.5 1002.0
864 14 637.0 998.0
876 14 646.0 998.0
888 14 656.5 998.0
900 14 665.5 994.5
912 14 674.5 994.5
924 14 683.5 994.5
936 14 692.5 991.0
708 52 453.5 959.5
720 52 473.0 959.5
732 52 487.5 963.5
744 52 503.5 967.0
756 52 517.5 970.5
768 52 532.5 974.5
780 52 547.5 978.0
792 52 563.5 978.0
804 52 577.5 981.5
816 52 593.5 985.5
828 52 604.5 985.5
840 52 614.5 985.5
852 52 623.5 981.5
864 52 634.5 981.5
876 52 643.5 978.0
888 52 654.0 974.5
900 52 664.5 974.5
912 52 673.5 970.5
924 52 684.5 970.5
936 52 693.5 967.0
720 73 1269.5 1575.5
732 73 1253.5 1557.0
744 73 1237.5 1538.5
756 73 1221.5 1520.5
768 73 1213.5 1509.5
780 73 1213.0 1502.0
792 73 1209.5 1494.5
804 73 1206.0 1487.5
816 73 1203.5 1480.0
828 73 1200.5 1474.5
840 73 1197.0 1469.0
852 73 1194.5 1461.5
864 73 1191.5 1456.5
876 73 1188.0 1448.5
888 73 1185.5 1443.5
900 73 1181.5 1436.0
912 73 1179.5 1430.5
924 73 1176.5 1423.5
936 73 1172.5 1417.5
948 73 1171.5 1412.5
756 33 1258.5 886.5
768 33 1244.5 890.0
780 33 1231.5 893.5
792 33 1221.5 893.5
804 33 1210.5 890.0
816 33 1201.5 890.0
828 33 1190.5 886.5
840 33 1180.5 886.5
852 33 1169.5 882.5
864 33 1160.5 879.0
876 33 1149.5 879.0
888 33 1139.5 875.5
900 33 1128.5 875.5
912 33 1119.5 871.5
924 33 1108.5 868.0
936 33 1098.5 868.0
948 33 1087.5 864.5
960 33 1078.5 864.5
972 33 1067.5 860.5
984 33 1057.5 857.0
780 18 999.5 805.5
792 18 998.5 816.5
804 18 995.5 831.5
816 18 993.5 842.5
828 18 992.0 853.5
840 18 988.5 864.5
852 18 984.5 875.5
864 18 977.5 886.5
876 18 972.5 893.5
888 18 965.5 902.5
900 18 958.0 912.0
912 18 951.0 921.5
924 18 943.5 928.5
936 18 936.5 937.5
948 18 931.5 946.5
960 18 924.5 954.5
972 18 924.5 961.5
984 18 926.0 967.0
996 18 924.5 978.0
1008 18 921.5 989.0
804 66 1072.0 1088.0
816 66 1072.0 1088.0
828 66 1072.0 1086.5
840 66 1072.0 1086.5
852 66 1072.0 1086.5
864 66 1072.0 1086.5
876 66 1072.0 1084.5
888 66 1074.0 1082.5
900 66 1074.0 1082.5
912 66 1074.0 1082.5
924 66 1074.0 1082.5
936 66 1074.0 1080.5
948 66 1074.0 1080.5
960 66 1074.0 1080.5
972 66 1074.0 1080.5
984 66 1076.0 1080.5
996 66 1076.0 1080.5
1008 66 1077.5 1084.5
1020 66 1079.0 1084.5
1032 66 1083.0 1091.5
816 9 652.0 1296.5
828 9 654.0 1296.5
840 9 655.0 1296.5
852 9 657.0 1296.5
864 9 658.5 1296.5
876 9 660.0 1296.5
888 9 662.0 1296.5
900 9 664.0 1298.5
912 9 669.0 1295.0
924 9 671.0 1295.0
936 9 666.0 1295.0
948 9 657.0 1291.0
960 9 646.0 1287.5
972 9 674.5 1291.0
984 9 669.0 1291.0
996 9 664.0 1295.0
1008 9 658.5 1295.0
1020 9 653.5 1297.0
1032 9 647.0 1300.0
1044 9 640.5 1302.0
828 44 722.0 1293.0
840 44 722.5 1293.0
852 44 723.5 1293.0
864 44 725.0 1293.0
876 44 725.0 1293.0
888 44 727.0 1293.0
900 44 729.0 1294.5
912 44 731.0 1291.5
924 44 732.5 1291.5
936 44 727.0 1291.5
948 44 722.0 1291.5
960 44 716.5 1291.5
972 44 747.0 1276.5
984 44 741.5 1283.5
996 44 736.0 1291.5
1008 44 732.5 1291.5
1020 44 727.0 1293.0
1032 44 722.0 1295.0
1044 44 716.5 1295.0
1056 44 712.0 1297.0